Id,SalePrice
1461,113457.50326476363
1462,165325.40168121745
1463,157177.04111329513
1464,179836.88780110973
1465,227017.19818054987
1466,175767.23796720113
1467,169893.53664955017
1468,167762.67835811884
1469,206820.8109060411
1470,100004.22740056214
1471,209242.9259733509
1472,119727.63350535106
1473,102629.8980729719
1474,170458.83823555024
1475,150460.8986025376
1476,326261.26689292863
1477,267979.42139103473
1478,301934.57129153097
1479,286881.753664138
1480,387706.7317405144
1481,301367.0316719838
1482,233755.55270195563
1483,181295.44131782555
1484,191314.9056991377
1485,177563.55567623393
1486,206006.65619636615
1487,312802.2309323732
1488,272181.0665412949
1489,200803.65437886087
1490,194163.2445768272
1491,203045.1963465525
1492,113432.68922073976
1493,188184.19021612467
1494,290121.18500776717
1495,289573.61930766655
1496,219389.66879462244
1497,205900.01623885645
1498,174970.92242892677
1499,174970.92242892677
1500,152526.30691977215
1501,169351.62844629536
1502,167556.43133279335
1503,263276.1848829207
1504,242007.20825325584
1505,221114.2211352697
1506,222683.43597129468
1507,233829.67215705916
1508,206777.8180032619
1509,176048.963747416
1510,150997.87773894894
1511,149407.08276488192
1512,173299.28371604098
1513,180075.0813210949
1514,153327.14898833144
1515,208138.78212742784
1516,175295.00867773875
1517,148383.023578688
1518,181621.21517101608
1519,220545.76074453865
1520,126627.58697676702
1521,131648.31546367443
1522,193403.87202261676
1523,99227.1626654666
1524,115688.80697140278
1525,113122.96913753077
1526,113739.94091809433
1527,100499.71296019058
1528,142045.4153246623
1529,146418.01878860468
1530,187039.7499491884
1531,121365.55305264669
1532,90997.09155437505
1533,161003.82797897301
1534,142974.51938420246
1535,142565.75878097746
1536,126914.58448310365
1537,48313.29518174293
1538,208968.5744232899
1539,247314.10987416175
1540,147725.48328864094
1541,171236.41959121768
1542,142669.15986832266
1543,213956.46692581315
1544,71190.40617017471
1545,130051.60274760687
1546,154396.29419465954
1547,129315.22608355005
1548,149545.4948839213
1549,119994.98551424217
1550,153135.28481106187
1551,145774.7631380904
1552,147526.60968866362
1553,136352.84983047566
1554,139312.50166505543
1555,163217.7369155252
1556,112366.43688231148
1557,120480.29172496457
1558,120440.83909145097
1559,102362.1781345969
1560,157208.41446917804
1561,137514.86458582385
1562,107882.75893512295
1563,104231.81749808806
1564,162359.4726484105
1565,141595.5380532489
1566,220341.71647757568
1567,86415.13381152885
1568,203703.8866295443
1569,96277.35336498215
1570,137660.3162889306
1571,108663.10469417018
1572,129818.38261225977
1573,221997.47979586924
1574,155240.58742545702
1575,215405.7991345659
1576,226886.65782941945
1577,200162.95266742373
1578,166039.2902652292
1579,129077.72437559426
1580,206751.21248651677
1581,117419.73758311439
1582,122886.8481159368
1583,301853.0828576075
1584,231602.37244459157
1585,143677.80786228032
1586,22372.386929177053
1587,100013.49657115457
1588,131237.2542078776
1589,105189.93918407967
1590,145468.57227883962
1591,68888.84175449816
1592,133306.8968882438
1593,143978.4617855022
1594,117255.16334592656
1595,120982.57801154302
1596,227683.66950088736
1597,185322.6994987311
1598,193346.68406983148
1599,207829.86660832594
1600,220404.5350289706
1601,4025.4785969001387
1602,136847.47504940754
1603,83162.9462757684
1604,254850.5347074586
1605,264275.94148369844
1606,177875.29511525927
1607,241498.4802869596
1608,224897.86164071402
1609,198045.28238630915
1610,132588.07888515055
1611,149330.90294812125
1612,168679.35926948648
1613,162882.36038273983
1614,110183.55624169088
1615,59852.31679043005
1616,59852.31679043005
1617,78847.39519649406
1618,105902.70875354929
1619,119675.06999016821
1620,204149.77020519346
1621,132525.515204811
1622,130674.0729555125
1623,264776.6823666486
1624,198486.86917939174
1625,133122.84250617158
1626,191487.45928294523
1627,180685.33628717953
1628,277081.4449198587
1629,190753.91496565458
1630,318011.8681324993
1631,240963.9632087236
1632,259505.96552651076
1633,177924.18442532865
1634,181671.895849984
1635,167295.28066120643
1636,170530.18236898215
1637,176594.11121562126
1638,224248.56278631653
1639,203498.69638105747
1640,259188.72345923635
1641,198375.3432098695
1642,218653.76431057064
1643,246018.61209248684
1644,239882.00519246192
1645,181424.04227422012
1646,166460.99682840213
1647,195758.65334290694
1648,146701.86908710195
1649,119576.38198459547
1650,99386.49582626202
1651,99386.49582626202
1652,119727.63350535106
1653,120103.56792422541
1654,172611.73304807252
1655,184327.71796462304
1656,170458.83823555024
1657,172611.73304807252
1658,170458.83823555024
1659,151040.4641649689
1660,138539.70274518838
1661,351600.8132572641
1662,334964.4069598438
1663,329876.04507982335
1664,402170.4406766918
1665,306554.20400373696
1666,287712.4102318735
1667,305215.22100658633
1668,308464.2837788116
1669,287663.2747761805
1670,311641.90970945335
1671,242002.07407290002
1672,363717.61888442014
1673,286551.8385812306
1674,272710.6602356889
1675,184817.07905417474
1676,182917.65232265167
1677,208618.992332596
1678,391849.4688517377
1679,316739.8377055464
1680,300788.7189289024
1681,265260.31746188586
1682,278585.0717275097
1683,212419.01453949834
1684,189154.4424514787
1685,167259.712616151
1686,196590.81589438082
1687,177563.55567623393
1688,202359.10100354315
1689,199992.6622416087
1690,192923.73974569593
1691,183218.12477331396
1692,260418.03214623683
1693,177563.55567623393
1694,170348.8949680232
1695,180314.01471881123
1696,261269.24261649567
1697,180470.6540600089
1698,313317.09278480033
1699,307043.0684623722
1700,231705.10663772377
1701,266565.96980431036
1702,281570.80479449197
1703,273653.6996636144
1704,280038.0186319648
1705,238516.32968204192
1706,364502.27988060645
1707,215657.56177108697
1708,214485.51415270238
1709,292691.6832234756
1710,241298.5189249709
1711,254645.45814577458
1712,270946.46096758416
1713,250565.78560043083
1714,225789.58327780568
1715,204366.10860095473
1716,199237.2609668844
1717,191736.31233289812
1718,132465.43495116264
1719,210094.01396925424
1720,265100.76474733243
1721,191052.5059503043
1722,105005.61456352181
1723,143058.4271121289
1724,235331.50790045699
1725,227103.1756512967
1726,182455.60527545764
1727,183679.398478976
1728,195346.4716986467
1729,162313.4191344645
1730,171888.54279245427
1731,129755.83266645673
1732,125827.10896803296
1733,106738.04695725036
1734,116731.82456624959
1735,108322.67541890495
1736,107570.80658115627
1737,304905.5623641005
1738,212934.59288003042
1739,298439.15136630146
1740,214984.64280929553
1741,176541.58562758574
1742,169351.62844629536
1743,189728.7201607894
1744,261729.11415222407
1745,239754.53355640775
1746,260569.42178272046
1747,228490.0483168514
1748,229222.55989535377
1749,158199.8431209679
1750,156808.28497630765
1751,238036.6506621622
1752,104733.06338992051
1753,176657.73570191188
1754,232482.50323256422
1755,179852.4112184115
1756,98927.97470871793
1757,104670.40765344145
1758,148247.72186187026
1759,174794.23958029566
1760,159252.2147981571
1761,156189.76981056886
1762,174622.26931759538
1763,191180.76593345977
1764,112570.17268091952
1765,211789.5562292127
1766,193014.07893305997
1767,202051.84299583195
1768,126971.44918318177
1769,205858.28184956618
1770,138253.89016313426
1771,131208.20572084785
1772,146094.66883443802
1773,106897.12782562827
1774,200971.72318369974
1775,144077.65815570086
1776,129665.33109413082
1777,98017.5908431322
1778,116591.4485591083
1779,107212.12093016034
1780,192638.68549270302
1781,130142.29840696725
1782,51918.46813658002
1783,139994.69427240992
1784,74957.25552608847
1785,120237.52356813566
1786,179853.48389704825
1787,201072.46402242567
1788,11979.291407049954
1789,118893.70631544606
1790,43607.93322636071
1791,253188.42477085404
1792,170153.60419626816
1793,159727.9608631526
1794,152723.6993585792
1795,147634.0428321043
1796,127784.65205469076
1797,161265.3773579224
1798,118380.93601744442
1799,93216.91722763807
1800,113486.33822599603
1801,106469.73660594979
1802,176828.29867401088
1803,185939.74613196994
1804,129255.43473088057
1805,142222.85568280768
1806,149414.5769540685
1807,193848.2621208982
1808,124990.9235791566
1809,101305.18684929417
1810,146354.71608736305
1811,93639.4380403469
1812,108230.03455233542
1813,121264.06555333486
1814,94639.18409736859
1815,2080.1513665135863
1816,94577.44722529993
1817,124591.65008905204
1818,182545.1661169616
1819,138421.993825927
1820,52873.07666324006
1821,158296.7550692614
1822,187290.3149057163
1823,18600.069132289776
1824,161927.5047456808
1825,126878.9829838782
1826,106717.98494862166
1827,113437.1610249487
1828,138324.68820229522
1829,192822.29696676097
1830,192909.77327704823
1831,197676.94718128708
1832,146636.4708078893
1833,174403.91250816037
1834,143389.0216215885
1835,181527.8418035762
1836,176538.53251525862
1837,62707.98506890205
1838,146631.36493166388
1839,63190.74070508091
1840,111773.77736569382
1841,126458.70277326429
1842,105295.51003493235
1843,125104.94262037458
1844,145533.8342140778
1845,137940.21031262304
1846,167440.51847493
1847,169708.479332815
1848,18813.013928789136
1849,105277.3529126524
1850,121619.86314590133
1851,158482.02227299736
1852,121500.63002283592
1853,118571.94240182795
1854,184925.0050118109
1855,164732.5217607127
1856,221182.94498424322
1857,156730.30449387655
1858,166181.61397273166
1859,135994.26437034356
1860,150319.86142259944
1861,134799.47077289957
1862,297970.62207497493
1863,297970.62207497493
1864,297970.62207497493
1865,303860.01825007447
1866,305482.9781337002
1867,262562.15589184547
1868,271213.5076413568
1869,206055.60201815018
1870,244248.0386466247
1871,263983.30686867307
1872,163620.58125529808
1873,224337.2088757813
1874,116654.19245810708
1875,217939.08943389673
1876,187497.29262692572
1877,216721.94716998973
1878,221302.18834470687
1879,108602.72674871929
1880,125250.8743148967
1881,253916.84883921986
1882,259460.52286911113
1883,207245.31662972175
1884,218106.6181671164
1885,244345.22726543623
1886,270264.503427066
1887,213880.31917505598
1888,271050.109703182
1889,159084.024825547
1890,103506.67979100117
1891,150146.07107625814
1892,81805.73025339635
1893,135491.64250217838
1894,149392.1706149756
1895,149523.41157200118
1896,118947.08610422173
1897,120045.09178029234
1898,133681.76563978655
1899,164065.16113739632
1900,157825.43303612468
1901,150714.78898922153
1902,136842.8668133724
1903,243879.13253934376
1904,125472.34298310708
1905,200464.14863348435
1906,139200.76590495484
1907,214848.62648552723
1908,140302.20673073735
1909,150555.00533878375
1910,150555.00533878375
1911,190852.18294380998
1912,275406.4551168594
1913,177795.03772916787
1914,56001.38964902118
1915,254334.3846752429
1916,8234.400855129046
1917,270049.33272829617
1918,133634.99100064114
1919,172073.3007063476
1920,182099.57676072654
1921,333074.4000092326
1922,299876.6057344688
1923,206466.60775773888
1924,223858.04336286898
1925,223056.60620916073
1926,326946.5976650788
1927,117193.60436180836
1928,159485.09262297724
1929,99757.42722103096
1930,131183.31223466425
1931,125448.33477275484
1932,130955.81768755443
1933,158699.56429074568
1934,179836.88780110973
1935,164523.36077355812
1936,179868.21566934927
1937,179545.28288863364
1938,160735.04602665218
1939,258559.99703646623
1940,227017.19818054987
1941,181144.2722516165
1942,180484.8258345246
1943,230813.86042490587
1944,292930.24087876605
1945,315632.8547932288
1946,197972.27343383883
1947,285653.91225060576
1948,199026.66209132006
1949,235157.10886009768
1950,202887.24935113816
1951,265019.5804756185
1952,243232.21866534415
1953,172887.972151754
1954,222446.40331047875
1955,135965.97278664002
1956,316959.442140833
1957,191412.9385810294
1958,290078.84251874266
1959,163036.28993157865
1960,86026.45840959091
1961,123383.53524534972
1962,119727.63350535106
1963,121106.05970789032
1964,114544.07541695048
1965,170772.11691794553
1966,184278.93642945643
1967,271549.57051721646
1968,335846.3105138417
1969,321390.92787437
1970,354500.92961645697
1971,391475.09806108207
1972,323403.83496247174
1973,266913.8156284569
1974,286363.61963181547
1975,389197.2488012131
1976,268971.75443455984
1977,311809.41950177005
1978,324553.47914490197
1979,317153.9232621072
1980,209522.41458046643
1981,313314.00907480635
1982,232585.78446478074
1983,232585.78446478074
1984,199081.86412221703
1985,232493.76852121452
1986,238904.47083919836
1987,196683.50984790878
1988,170187.2846013933
1989,204680.11207982196
1990,216932.4103864044
1991,208618.992332596
1992,217925.55296039258
1993,186799.80206409856
1994,237648.69585759085
1995,202637.44786224942
1996,263097.7384573296
1997,315489.6471474526
1998,304849.71852722706
1999,232870.91003358687
2000,296771.8589066946
2001,254615.8179392472
2002,243118.11815476223
2003,274161.02323642955
2004,261443.27595202046
2005,240775.85803751703
2006,235322.4840770956
2007,273850.4729203093
2008,197451.5724772313
2009,181694.51862705164
2010,203266.01101170245
2011,133803.3275981036
2012,193373.33931558786
2013,174794.82946385702
2014,181753.81565979958
2015,202978.8633207388
2016,181922.00473723732
2017,207020.7587487504
2018,115304.81474259758
2019,106424.76827485507
2020,106716.5964075865
2021,104169.161761609
2022,190483.44791180713
2023,160416.924941744
2024,231410.46719700066
2025,337966.2666041304
2026,199849.46294896267
2027,150973.88300983908
2028,187513.2800675051
2029,170665.6719451126
2030,278431.0010555488
2031,253986.11805432188
2032,263237.92007538746
2033,272469.4112373941
2034,186181.7924374528
2035,210739.50867040912
2036,228443.37300923278
2037,229348.9536233604
2038,322885.7868682797
2039,223116.7449166753
2040,339486.14908699424
2041,252502.20410355405
2042,213712.81736266214
2043,190748.59510123832
2044,215318.9039819667
2045,230905.81495690488
2046,181832.82414880718
2047,142900.768158301
2048,127867.12888226096
2049,191379.96153693853
2050,203216.52759786983
2051,91100.88314513417
2052,141100.43534715837
2053,123970.8846888195
2054,64095.36001522507
2055,166269.85266881748
2056,122547.15276289481
2057,118269.38899426459
2058,202885.36474718232
2059,128974.04975726566
2060,148012.52780710688
2061,196559.45386297637
2062,124748.76283865154
2063,101070.54799921124
2064,146988.84672306522
2065,128224.13174027536
2066,200374.98458470366
2067,132365.0568180699
2068,197494.03807476335
2069,61155.73163962382
2070,112915.90876884977
2071,65563.0512806674
2072,196411.1684276586
2073,131134.43350800342
2074,205366.24164509246
2075,147201.99908603157
2076,124327.93005495513
2077,135567.62990291053
2078,117357.4617435036
2079,164199.73106157084
2080,136502.04816923148
2081,145099.40770581458
2082,158993.51784596383
2083,152548.9997855514
2084,102259.00975525405
2085,123892.18512135235
2086,126885.91842529987
2087,139310.879948651
2088,119857.856533307
2089,88745.56612552734
2090,149357.7671867589
2091,91532.62982130345
2092,132456.85446451194
2093,143975.9325582282
2094,143811.31734406142
2095,176705.71069760076
2096,95537.84678003733
2097,88241.4635619254
2098,171294.36128921944
2099,3458.7162116113323
2100,66509.65565979961
2101,151828.2213489983
2102,170268.52260345974
2103,96899.97507050625
2104,192994.61176299103
2105,107583.40802998736
2106,53192.53332863643
2107,254019.61100170462
2108,114114.35574949547
2109,93232.03724566463
2110,123021.55467062647
2111,185477.6168275257
2112,148329.24142798997
2113,113484.80221531924
2114,136353.15691005782
2115,166977.19858486936
2116,126846.22805138316
2117,160278.41561298983
2118,145278.05243244095
2119,137563.2142561552
2120,109948.44092235883
2121,60899.03648331284
2122,86254.2414344222
2123,78299.88515473183
2124,225307.14558178428
2125,177950.6131505824
2126,187730.79962220337
2127,191227.58984850298
2128,157446.05987924608
2129,137695.1211473063
2130,154230.66534092475
2131,206789.79759770216
2132,140342.47129339376
2133,157221.7314039903
2134,142707.97668785375
2135,107607.72424564659
2136,49409.04640119945
2137,118363.05181138328
2138,135566.11678779338
2139,162051.40483045994
2140,114524.65721155572
2141,145387.48960857803
2142,120523.3877575178
2143,141296.55587285312
2144,146250.28627452313
2145,112100.25465732659
2146,168705.95804251297
2147,173733.8286320993
2148,152630.77085337567
2149,145334.16235275473
2150,221784.26306808522
2151,151077.92864856566
2152,138312.4674104014
2153,155650.92374740844
2154,85330.72269674262
2155,137048.49240146164
2156,239822.24030170348
2157,230103.42083843876
2158,228445.86798427315
2159,220548.11340265555
2160,182756.89551202484
2161,273504.43494472094
2162,356981.2787356222
2163,309175.8868787915
2164,261806.50698563052
2165,195281.7709568933
2166,132547.81190845775
2167,214695.22364615198
2168,186958.454344322
2169,201751.9476066678
2170,215792.5664238004
2171,139467.39437158473
2172,140067.84354837847
2173,158943.5473244317
2174,241564.78493265223
2175,300562.8753044639
2176,284433.00865708664
2177,244207.4960363678
2178,233839.2476557865
2179,143677.80786228032
2180,240820.41707258634
2181,215441.6857652249
2182,244710.52087882216
2183,210779.96519892113
2184,121924.69593467444
2185,121482.48599510628
2186,166574.82323279176
2187,164612.60392621576
2188,161874.09836040766
2189,263598.59334769566
2190,55900.9944522249
2191,55900.9944522249
2192,55037.71788028561
2193,83555.05420254698
2194,76756.73186572327
2195,85059.508552466
2196,88273.95205401341
2197,100540.59628547414
2198,192018.30956335473
2199,194829.9663973317
2200,141600.8274410632
2201,155184.4607711144
2202,200252.11177088422
2203,177154.03067518762
2204,156307.27129667686
2205,126611.43064833374
2206,147096.1505158762
2207,237262.1592370697
2208,229390.8311543167
2209,203317.80606733004
2210,140458.846071935
2211,130616.12953810475
2212,132672.4663401929
2213,96831.57131205729
2214,135207.0590468499
2215,99701.33057343785
2216,162679.8530094245
2217,2186.7885444100248
2218,82888.5078455426
2219,72331.68642322512
2220,67765.6828820656
2221,255007.93384239278
2222,230179.94612122103
2223,276420.300922086
2224,232514.15823576433
2225,145142.08536425635
2226,161838.51556513747
2227,215043.2148377547
2228,265711.98510510114
2229,237431.4132019284
2230,131363.37931781373
2231,217139.2661061676
2232,194878.3788276606
2233,178262.1329797867
2234,238803.1094039513
2235,208777.79226113253
2236,266298.8592264893
2237,301409.1741460981
2238,241441.89126027495
2239,103274.22407924524
2240,170075.77021321372
2241,144636.6616918401
2242,136028.53619234043
2243,124480.72109341845
2244,73823.38466595864
2245,72262.37554062754
2246,126020.252907185
2247,107846.39562860545
2248,100203.61531375026
2249,102485.90277029664
2250,123300.17330342685
2251,145130.18916949347
2252,203481.50130305483
2253,153952.96491478675
2254,169543.1026028445
2255,184444.52243609013
2256,192490.94325465025
2257,210634.71357893254
2258,193890.57606863792
2259,179513.80835211076
2260,170897.51635975277
2261,218344.19960067436
2262,229679.75698781715
2263,294910.65195207356
2264,366108.41659781814
2265,178015.18897593845
2266,277925.69070470857
2267,305169.85243612155
2268,345593.04803959874
2269,178930.65532512908
2270,191511.94860239796
2271,232407.2767018927
2272,216281.79963651436
2273,170159.38219594487
2274,182036.86545929054
2275,191040.20931004008
2276,205378.8768374801
2277,197512.50220957832
2278,155175.68240310156
2279,109545.2220739832
2280,84013.11711115859
2281,183587.31435859893
2282,185418.18982958063
2283,125749.75718135279
2284,136413.01298489136
2285,168014.75175865335
2286,115243.6785935917
2287,310586.960295485
2288,279596.3893016651
2289,314222.7760292456
2290,356598.8859838039
2291,293195.5897296268
2292,354369.0025245688
2293,372308.11660064093
2294,349375.4078572653
2295,380208.26442782604
2296,278841.9061708137
2297,268847.73780813965
2298,311889.3508636445
2299,335518.4591042048
2300,294268.07418167987
2301,255233.41643284654
2302,249647.9910358429
2303,262475.57627129694
2304,271599.76905220794
2305,182712.50159162152
2306,182712.50159162152
2307,184755.9429051689
2308,250476.2156950313
2309,275296.51731631754
2310,231169.1922503727
2311,212419.01453949834
2312,171156.22174087274
2313,170186.94052775452
2314,185973.97827830727
2315,167978.15911827426
2316,190484.37553524782
2317,180794.9552197296
2318,168864.3386308787
2319,189311.08179267638
2320,200306.8659649164
2321,263329.37513880746
2322,200070.02059079034
2323,182341.73895133592
2324,177563.55567623393
2325,222374.28143250968
2326,178537.8725389424
2327,215293.7407036973
2328,217697.0762005359
2329,182995.1702205797
2330,182162.53240153033
2331,320657.53228142054
2332,355259.27123516414
2333,305749.6492371133
2334,259514.9498899257
2335,260722.8835156934
2336,304182.2921559558
2337,211575.14974389222
2338,267571.3993101843
2339,246418.37409072966
2340,352693.4389431606
2341,222130.38920619324
2342,246977.08003643117
2343,223113.78486191187
2344,238055.30037931123
2345,271562.0346692663
2346,233022.85503266097
2347,208429.44642641736
2348,236750.44094201582
2349,149424.38730763068
2350,261702.01327034264
2351,252076.38521725967
2352,275786.63423874776
2353,243077.89068703467
2354,127900.86003806986
2355,155281.9808582436
2356,141484.43576278657
2357,219562.33651729158
2358,187916.69474019777
2359,137286.30567438062
2360,107031.39467745495
2361,138957.69187273635
2362,255177.01001802666
2363,134727.2899697951
2364,161611.3198471685
2365,235262.32955239926
2366,216276.43975082404
2367,247659.5554355871
2368,208059.97025430403
2369,248610.68794730617
2370,168595.77339853518
2371,172127.54139136235
2372,210559.30860006655
2373,253017.1324141403
2374,280924.2569242496
2375,243420.31546315944
2376,280018.9717956855
2377,324579.372955392
2378,161623.38067933408
2379,223539.1742072178
2380,160374.749030192
2381,180548.21940501608
2382,217278.07838720558
2383,227199.2491860648
2384,231452.22464131002
2385,163961.69367538884
2386,143509.9575587064
2387,119940.66126978968
2388,111658.69287076915
2389,132700.59810689292
2390,138794.9825675351
2391,134511.5902889724
2392,107094.05041393402
2393,195056.21375502265
2394,159258.80263329623
2395,201753.57560075275
2396,162508.27263979902
2397,206898.56812162304
2398,123746.2184180743
2399,21754.129500078154
2400,12201.309217689311
2401,100263.23187528292
2402,125109.07000064407
2403,196057.03722014345
2404,141988.6449853579
2405,176396.4777035062
2406,134443.46346899992
2407,116003.14536870626
2408,140074.76985452746
2409,127144.87669958753
2410,203559.34400485645
2411,109234.98256653422
2412,142701.51003645107
2413,132811.24555721995
2414,120858.54977510218
2415,176717.3522634446
2416,151391.12526779436
2417,142283.61193494525
2418,108593.9009582288
2419,120433.76354084548
2420,110706.74233158966
2421,128636.743375605
2422,111146.74232288208
2423,93666.36707897956
2424,155438.40108157086
2425,243629.25054695513
2426,124219.0131261001
2427,109837.0301002532
2428,184623.42670024917
2429,106274.55431517385
2430,135279.73032724016
2431,125749.43158185796
2432,118176.9249770192
2433,129222.39332197211
2434,134669.4671019278
2435,145716.83493122217
2436,86784.30978142653
2437,104451.11257576477
2438,109047.86712534667
2439,128255.70928803014
2440,165568.60882654515
2441,115162.61148239512
2442,110771.47953522464
2443,130228.0876149257
2444,130205.52070659291
2445,83418.19269319528
2446,144410.6498288611
2447,235402.6279440562
2448,160493.02361705355
2449,128926.0028524177
2450,182516.29708396483
2451,120114.63113281212
2452,243856.7081442152
2453,65608.13071505574
2454,88922.16237530403
2455,111069.95798813607
2456,130930.10311011938
2457,116196.59197917159
2458,133808.49476088886
2459,105179.25148263984
2460,170023.94886437964
2461,119690.57905974198
2462,131849.42825962522
2463,136082.03157452607
2464,199001.9781612477
2465,165865.15649495964
2466,141168.38008348283
2467,183366.20468755093
2468,111067.77127551095
2469,122057.88746329269
2470,214411.36362643205
2471,203425.79975459704
2472,216133.9102789584
2473,114985.25007446419
2474,104474.37513478936
2475,238548.32862415313
2476,115985.61070635877
2477,113489.93246033817
2478,168815.72061686972
2479,108352.83979883752
2480,133933.16822913932
2481,117832.31842638439
2482,121259.25675688838
2483,106066.07415933741
2484,128848.93223750326
2485,108557.63443070141
2486,141828.0920171893
2487,204700.94483822407
2488,165010.36873696072
2489,172232.70907715746
2490,128707.3192160837
2491,83773.23546083129
2492,190691.22080127083
2493,137322.09274138926
2494,171225.21357200676
2495,92372.19306413716
2496,241567.83756687646
2497,166314.52937225092
2498,106095.82565834
2499,63890.14023320566
2500,117674.91929145015
2501,141474.27632849547
2502,138057.1524045635
2503,105196.6537260963
2504,196310.7799822072
2505,217120.3893461035
2506,276236.4768375893
2507,315291.6258885502
2508,276236.4768375893
2509,243011.97785025832
2510,246694.34551201973
2511,202515.11390094677
2512,212089.9993942906
2513,218064.80041483897
2514,244863.74199035662
2515,138496.5996396339
2516,157265.67050594196
2517,115777.01214740027
2518,121973.58722137523
2519,219629.05751848393
2520,208664.6313566834
2521,205396.98918562385
2522,216446.82130995192
2523,122882.50420157632
2524,132583.48750305106
2525,134453.50178191546
2526,139928.85578816175
2527,107298.37525944525
2528,122067.87220331904
2529,123383.53524534972
2530,90681.63293878833
2531,235155.21170326092
2532,222202.16570461306
2533,208004.03032391347
2534,250348.78904665672
2535,286772.2228966863
2536,224316.6106464763
2537,231441.9373771697
2538,192910.224317422
2539,196552.79482679543
2540,181877.28626146654
2541,192491.9200930835
2542,146189.9011086668
2543,111527.23550417597
2544,116138.01862818937
2545,145700.7181157964
2546,172891.47938608835
2547,158745.8034937727
2548,164032.01090482503
2549,140854.65463106308
2550,599915.549463194
2551,150146.07107625814
2552,113541.33659634492
2553,55900.9944522249
2554,111380.27952835828
2555,120906.71815930324
2556,73854.41466113951
2557,98634.62698851334
2558,175216.1966001274
2559,146054.3980803668
2560,139947.8778319507
2561,149869.8180533789
2562,145130.1823251305
2563,146779.05448138993
2564,203033.88937458946
2565,119212.84520624371
2566,123593.5720782977
2567,139324.524228638
2568,202218.12935802966
2569,196113.17034504385
2570,141164.86047042464
2571,164419.86745365695
2572,206212.05016012603
2573,237623.18698803466
2574,284030.39227382594
2575,159649.2722239984
2576,119673.81100174977
2577,127651.73258867225
2578,97634.73011810888
2579,7466.162165346657
2580,138100.1623346259
2581,118090.31194013549
2582,110011.08057375721
2583,252727.9257670562
2584,172936.68370203147
2585,181806.37885224292
2586,214268.87835310373
2587,218017.29469795208
2588,156118.9970485712
2589,158012.15277169697
2590,220506.74677641355
2591,215621.14992052727
2592,234064.81466477006
2593,248866.1857882325
2594,200826.55180299477
2595,227889.7621040574
2596,294971.0054885263
2597,196646.88379572073
2598,248827.85361502183
2599,339011.87090366776
2600,154171.2449405853
2601,150839.6748828444
2602,78330.48537054184
2603,74138.18293582712
2604,59852.31679043005
2605,78847.39519649406
2606,134240.77899625016
2607,182617.12705118072
2608,176205.6856311639
2609,141907.10887794028
2610,79979.15210897871
2611,136185.29874251728
2612,144789.68075783155
2613,100203.61531375026
2614,105606.23136837402
2615,176395.42300490037
2616,140947.4452565339
2617,212997.02927933607
2618,196052.37665376588
2619,247957.61178518579
2620,171313.5394261011
2621,176831.2975287992
2622,183095.54652503607
2623,253825.6874219982
2624,276850.3585855989
2625,317456.58508258767
2626,168438.90129681936
2627,220014.07403907672
2628,337935.8805620002
2629,393286.08884921146
2630,313094.4638004936
2631,374556.1362265401
2632,337186.2844970522
2633,285342.15315568366
2634,323381.3601111452
2635,163424.5078218338
2636,215607.94162607475
2637,188048.03040822022
2638,236945.41457976282
2639,187683.08853029573
2640,164404.0827994252
2641,99929.58382510021
2642,192200.49697839926
2643,143021.80283424273
2644,139335.71485803506
2645,121973.26111187428
2646,118045.8409362569
2647,125749.75718135279
2648,161383.6909549084
2649,134875.46915880096
2650,167868.4071531536
2651,170772.11691794553
2652,343362.18765167403
2653,273991.1565930386
2654,259038.0562161378
2655,320874.1943734571
2656,301572.55909667653
2657,298032.3878598624
2658,267530.63373270724
2659,283915.5555713584
2660,301277.86509235075
2661,312386.797786794
2662,309735.03415813425
2663,277679.49641867436
2664,274104.85719583754
2665,303637.3813481657
2666,282473.08209620835
2667,165157.403032391
2668,191845.82987820086
2669,181405.84865040044
2670,282527.8786622151
2671,191845.82987820086
2672,205037.84044244126
2673,216020.17419701998
2674,217799.78814877363
2675,191125.7987990956
2676,200220.64321519723
2677,193799.1448821438
2678,256017.54738158002
2679,269477.96162261174
2680,283009.74015871086
2681,346895.8483319401
2682,309703.2155591486
2683,386711.4200115452
2684,299059.3194490379
2685,313471.84475805727
2686,254267.06375723126
2687,278835.40293907735
2688,244708.5570296631
2689,228081.58590695736
2690,355552.4123886076
2691,184518.707210377
2692,131206.24187168878
2693,214124.48387421123
2694,130340.54662955049
2695,205999.50859317274
2696,198159.49898330556
2697,193832.90818359758
2698,182075.76891007085
2699,188873.56993180575
2700,173720.4400413113
2701,157304.07842220762
2702,133894.1504490209
2703,164342.61837611723
2704,142228.68880503468
2705,114145.68361773502
2706,107334.04238703597
2707,126743.12692182552
2708,117262.33844818012
2709,89108.30193516423
2710,109709.66340609855
2711,283773.04455210094
2712,318185.71730518655
2713,193522.76061628785
2714,175067.87573608532
2715,170003.33404490116
2716,167556.43133279335
2717,183123.00231990093
2718,250591.18179002576
2719,147125.26717971684
2720,206815.6813152133
2721,136972.55110507752
2722,162834.11524542395
2723,155067.12296413147
2724,106042.74386856484
2725,118698.01366852268
2726,130542.81071297155
2727,174475.1583134133
2728,182494.60194244943
2729,141595.5380532489
2730,134546.43501017944
2731,123824.7203139636
2732,115648.36193961726
2733,161609.83832781066
2734,159026.59324331244
2735,128031.54243318542
2736,138656.67371313096
2737,109271.6289909299
2738,178950.74843329025
2739,175329.17833070786
2740,156426.37799821663
2741,139868.16986884418
2742,177904.3292759681
2743,136757.1578328553
2744,149834.21164936892
2745,142960.96007077803
2746,115564.55521335287
2747,167432.0615827764
2748,126604.01074824028
2749,115939.34994162235
2750,119655.41313416976
2751,105649.16950623278
2752,254658.79292348682
2753,160319.57600833793
2754,259036.68981393936
2755,166294.52643579003
2756,45779.52197727663
2757,64978.99132063417
2758,59225.183109951904
2759,172242.2592766535
2760,145656.39066003042
2761,149104.81166283158
2762,153216.0503464831
2763,205223.8268128065
2764,181882.6592818986
2765,263158.5419898982
2766,115168.50888092819
2767,61117.32958967809
2768,139790.8233839874
2769,126865.20526664154
2770,184870.36695732453
2771,105108.99780879487
2772,98001.35305894841
2773,171716.47545589515
2774,150813.34859329468
2775,122651.0835034473
2776,167228.86049375814
2777,191812.55071719995
2778,144131.227149875
2779,150526.89109942084
2780,141450.38425165135
2781,101655.33436508084
2782,77094.89267671204
2783,72563.04096639305
2784,130938.69372219295
2785,149974.46509811006
2786,25708.38483256413
2787,141419.17236259065
2788,52854.6187786104
2789,235473.14524118733
2790,93351.50761014113
2791,131690.56255994164
2792,49613.77638343745
2793,170450.83162677064
2794,63905.32362572086
2795,118126.02005129459
2796,99357.76287128299
2797,243511.42486969175
2798,113694.97597542175
2799,112409.23929277342
2800,76691.57173581308
2801,138111.39516858317
2802,129432.37828398056
2803,230566.01747717973
2804,141602.70475342593
2805,91968.79400420451
2806,102650.76998653676
2807,168141.53217681884
2808,138371.57990102438
2809,134078.4100637482
2810,119672.21675889438
2811,162250.390078662
2812,159906.9944967767
2813,210251.81389805846
2814,208929.205288369
2815,105519.29927085512
2816,247393.55674558828
2817,134071.01248675783
2818,118450.8171097931
2819,180532.87964097733
2820,127165.0183742544
2821,113234.32301678823
2822,215309.78410561392
2823,307122.7965202
2824,182674.9711627067
2825,136088.95564204428
2826,119546.14549219975
2827,166346.07637318046
2828,224497.42993246045
2829,224788.79167032175
2830,249589.8048351451
2831,199327.4456029201
2832,223150.86357761212
2833,269326.09765320306
2834,215981.61680218056
2835,230402.28968386262
2836,200630.0061924959
2837,187773.29557473926
2838,140170.94467793612
2839,170353.96056517333
2840,215763.03044437405
2841,207959.7843599339
2842,214086.86572282252
2843,144803.86727073882
2844,189295.77449259438
2845,104498.10437812406
2846,209566.67869166398
2847,184228.6851198496
2848,231533.4305646127
2849,215989.4389029829
2850,277242.5486853975
2851,227921.77853019847
2852,238859.51160204355
2853,223253.95156854918
2854,143677.80786228032
2855,212288.00461351583
2856,208592.72491360045
2857,200681.6199917503
2858,207364.6788031416
2859,117552.11869256821
2860,120097.23046796487
2861,130039.19727740964
2862,206782.4985626832
2863,113262.7404891862
2864,243078.20179771548
2865,150146.07107625814
2866,208517.45018758057
2867,74566.26342784916
2868,166087.1029685331
2869,123221.07306085728
2870,135661.41306291087
2871,86169.86214020013
2872,2434.165764195335
2873,93881.31805792535
2874,140132.55921072373
2875,148675.8319717213
2876,172040.43760301618
2877,151205.8915018025
2878,184005.54877032447
2879,134075.93003015345
2880,120466.29671819456
2881,158110.14982457005
2882,146873.93284503763
2883,210959.49859322017
2884,213592.30703281917
2885,183092.9901626324
2886,179820.05109408675
2887,112028.01333662047
2888,164332.10440175314
2889,40369.58210397695
2890,62559.46306087525
2891,166899.41828044117
2892,8931.332682282024
2893,105488.82071302016
2894,21414.73119738094
2895,261037.17214928035
2896,254850.5347074586
2897,207270.9455069132
2898,210966.78600292132
2899,243372.1839701952
2900,171858.71322848063
2901,207890.89269814544
2902,187602.66762568578
2903,292647.5375235863
2904,312200.6418991786
2905,26984.67400306018
2906,241379.4194728219
2907,106674.50072190535
2908,104900.21696988438
2909,205427.6924674062
2910,42917.984490349656
2911,78330.48537054184
2912,137899.94677116038
2913,78847.39519649406
2914,59852.31679043005
2915,59852.31679043005
2916,78847.39519649406
2917,151715.3795335117
2918,92258.2123284257
2919,240735.65929443625
