Id,SalePrice
1461,239139.3650851057
1462,149989.50218137563
1463,187042.04730378155
1464,179591.08967916892
1465,181359.6564068363
1466,172983.76476415785
1467,166045.01969475136
1468,160599.30499717698
1469,187799.33497673454
1470,189789.5933214323
1471,183527.72270557928
1472,123698.78969601404
1473,136083.6050353253
1474,163369.7019988099
1475,134176.92298471904
1476,245322.91715573735
1477,271229.46854117175
1478,239012.33990349097
1479,230752.54170736606
1480,292898.28979928925
1481,247415.017414495
1482,179143.041877963
1483,181350.15032814202
1484,163855.6831076109
1485,168247.10632193214
1486,169663.53702872706
1487,297684.5850938227
1488,269031.49374273827
1489,224199.31936221785
1490,192993.56920404657
1491,185105.75334434723
1492,170301.96419609204
1493,184365.3865216499
1494,248110.57204181538
1495,234771.9606800755
1496,181147.9477708118
1497,197639.00065474754
1498,173380.3961678813
1499,172544.7697280434
1500,172544.7697280434
1501,164241.44344126375
1502,175907.6947630095
1503,267653.58952526335
1504,203335.64308418636
1505,204993.63194522832
1506,194561.59664014512
1507,222623.46428428212
1508,236624.34299475147
1509,172706.7842138148
1510,183543.49763571215
1511,187013.30494587735
1512,189614.37548201767
1513,182577.2683857692
1514,79734.32581585422
1515,163793.75289591087
1516,188784.22586230346
1517,147057.66365403275
1518,200902.99070281023
1519,210546.74289659515
1520,141362.56316037418
1521,145578.49048255925
1522,173023.61580152716
1523,131823.93391827715
1524,147185.63758970276
1525,144242.09720116985
1526,138527.11163215368
1527,222559.20010548685
1528,135187.5903195676
1529,179769.45037161198
1530,172684.881983888
1531,122276.48783696056
1532,68806.42416223657
1533,192308.01609587297
1534,124891.71216432205
1535,131057.4148523062
1536,143146.0352672506
1537,247748.88781539898
1538,138869.69944748218
1539,212431.38453267515
1540,74485.19698736438
1541,214374.12260442937
1542,150761.55536541558
1543,142590.61143391574
1544,113679.26014958217
1545,123770.90173830997
1546,198079.7937741776
1547,124219.22590871481
1548,139694.2357459959
1549,208994.23255957145
1550,177147.56454419962
1551,134535.89913356886
1552,199802.91636493872
1553,79286.00164544939
1554,106850.10543294129
1555,162951.2088084867
1556,116269.8943911138
1557,75549.96689207584
1558,121781.73033226703
1559,71252.28158077846
1560,170273.73581678123
1561,76637.15300530754
1562,164936.22794245527
1563,134898.67029864003
1564,203170.5261887135
1565,183358.09964922426
1566,240803.77952032664
1567,172060.96418007457
1568,199938.20564737509
1569,192540.02772809868
1570,180796.88015045325
1571,121086.92729293456
1572,156026.57708697428
1573,211497.95048791572
1574,188632.25333900587
1575,194911.40037744498
1576,303531.85359332367
1577,208398.60211653687
1578,187988.7268290338
1579,205321.90924659529
1580,188302.59250812163
1581,150316.5931192928
1582,179576.42190935434
1583,264142.744814279
1584,212234.91662652657
1585,161630.2719611816
1586,127229.2245750161
1587,144781.60791977236
1588,150038.18859610544
1589,184061.7195277763
1590,148920.36261685885
1591,71203.7131289846
1592,126765.63945307181
1593,161288.6328999084
1594,72187.53561403963
1595,75474.00085209058
1596,145238.51132000226
1597,189688.62264181877
1598,192293.31124977654
1599,200338.75003025582
1600,185521.203106437
1601,117607.07802029556
1602,212826.8902379393
1603,147052.44466496707
1604,184074.70549368853
1605,240859.7593766367
1606,179808.7284489199
1607,250729.8087731292
1608,223999.57041844138
1609,190431.02515722625
1610,163890.88979949855
1611,199045.9455045117
1612,213818.69877109455
1613,229723.51101127657
1614,122155.23438280937
1615,65059.1813046029
1616,65587.20754974637
1617,128825.77529776533
1618,149727.34612358751
1619,188742.73346435884
1620,209043.17680535925
1621,203652.71228129318
1622,137170.25863182265
1623,182137.87901751985
1624,215594.9364178587
1625,190441.5221168255
1626,192694.68642377667
1627,179841.40400764495
1628,217677.64687733544
1629,159933.34205702116
1630,197039.87178635405
1631,181884.6190020828
1632,189971.11708856735
1633,161911.60194966645
1634,169870.4024696799
1635,164637.2069775859
1636,167347.49207249793
1637,203436.91203818488
1638,196714.14583981317
1639,183870.37118589837
1640,176178.8058446166
1641,182963.83928887788
1642,200430.92577583593
1643,202601.7001521454
1644,198723.06413661427
1645,180606.91533809257
1646,192619.96572870918
1647,188887.76643488405
1648,178464.19071316737
1649,148127.82949221376
1650,199372.46179884492
1651,201815.8285275512
1652,123698.78969601404
1653,129006.56769857601
1654,163404.57165650805
1655,163369.7019988099
1656,163455.6307981375
1657,163474.31097190437
1658,163474.31097190437
1659,142140.56669980416
1660,221637.96167884738
1661,247728.6269460474
1662,269681.07003289537
1663,276758.1073696447
1664,248795.51174660056
1665,262084.9412531581
1666,290348.73340190377
1667,233782.07156021713
1668,281144.46831764065
1669,231570.63389355986
1670,268034.4476823765
1671,208193.37803615932
1672,278187.9217415319
1673,241181.73075028323
1674,267876.70343161543
1675,178859.10323670664
1676,207601.9369414809
1677,183097.01199195004
1678,291575.3779242646
1679,233720.33683106193
1680,215955.31463436672
1681,190484.77215475868
1682,239136.83563546563
1683,173268.0977375491
1684,163081.5740091973
1685,161020.7455579838
1686,154983.23419340068
1687,163432.6028697514
1688,169588.51974279716
1689,171812.48837824125
1690,162848.53610330733
1691,160315.36635592062
1692,221700.16994326893
1693,163806.20634508878
1694,160859.06810640194
1695,161335.44202819106
1696,228538.6352560593
1697,163669.05999786875
1698,258199.34714671364
1699,256851.80474253208
1700,217623.85943647596
1701,215562.69563459558
1702,292126.45231945766
1703,236491.32701441972
1704,262493.25597993063
1705,183411.70846215726
1706,252899.39678598888
1707,190167.36760698492
1708,212204.2177790437
1709,296538.7683446598
1710,225602.0714965806
1711,249370.54428609408
1712,187677.86413485237
1713,233695.765283373
1714,204140.9464705353
1715,212228.82808653708
1716,202569.26220281486
1717,179601.32880771018
1718,72561.139089377
1719,182169.8232099205
1720,262728.11219079973
1721,206886.8730327969
1722,79500.20097130947
1723,206112.2684939308
1724,246618.98418096843
1725,201159.55197753874
1726,189585.06016405206
1727,192023.72188228613
1728,184037.82036494376
1729,178853.924690968
1730,208843.48684305075
1731,163826.13186377342
1732,235692.46774039062
1733,171836.80209487217
1734,138516.0214908295
1735,139270.75949247892
1736,127856.93739505083
1737,273823.08722946886
1738,193988.16501789977
1739,222502.46697766636
1740,192060.03405096952
1741,210234.575876028
1742,164263.859649784
1743,179819.1647435286
1744,223503.21199649962
1745,201845.53986117424
1746,191726.32205632853
1747,252464.19844961836
1748,190068.7089892805
1749,186197.38663699315
1750,148738.04850193142
1751,195376.28982577502
1752,141101.47550309997
1753,172485.6267970414
1754,185312.75696989946
1755,193242.16465233843
1756,160059.77405691094
1757,141455.96402920852
1758,244838.45776105305
1759,207413.65393302258
1760,209771.05141907424
1761,191299.03056492668
1762,195807.21792713524
1763,158897.3145102139
1764,148367.52889815456
1765,197186.54611745448
1766,193601.5149116596
1767,201388.71566407586
1768,137381.29488299077
1769,176050.53531808412
1770,140411.79202803812
1771,141349.67493573434
1772,151522.91610731144
1773,141192.91988235564
1774,184502.33401927986
1775,139026.9684794543
1776,185653.2703327134
1777,126859.35713443212
1778,123584.2584069043
1779,211325.89403967053
1780,168116.18669930106
1781,129581.08794299874
1782,150976.70344533102
1783,235904.11739494716
1784,135510.8660195999
1785,134346.48874312866
1786,192956.2088565128
1787,210189.76368065103
1788,69945.91476201551
1789,204057.44937957532
1790,147441.1506855809
1791,275854.55991938966
1792,156353.88541262242
1793,183698.07881178125
1794,179351.82504869002
1795,144356.3723427442
1796,159353.60450705537
1797,272305.1887190853
1798,137394.61788309252
1799,125265.3156396594
1800,136877.14757901628
1801,161595.22535907952
1802,200650.18568449863
1803,179467.34553518216
1804,198668.7829388249
1805,131489.66750171568
1806,104129.56098782449
1807,147711.82530820352
1808,187109.45433560526
1809,75549.96689207584
1810,159661.69845867972
1811,72719.29789393648
1812,75841.37760283897
1813,138809.60607890226
1814,136134.92200801277
1815,138716.2052100679
1816,137303.5695194943
1817,234409.70349359774
1818,152635.14730349847
1819,129628.37060654776
1820,67330.69043465403
1821,115725.50003411254
1822,216866.55154185946
1823,74917.33167383792
1824,119229.01086018958
1825,143706.85503405504
1826,141463.49508018323
1827,129228.12113100689
1828,126131.91729617908
1829,335824.98703079415
1830,200687.5460320324
1831,123354.83857283177
1832,66957.08695931666
1833,141669.78756107466
1834,154231.58006331173
1835,70508.81066485713
1836,154571.48002273723
1837,69647.03198174562
1838,144189.49612376018
1839,117205.76014424083
1840,76670.7773180879
1841,132087.37408078747
1842,125382.10169273283
1843,225431.34127990727
1844,184664.58443092316
1845,167323.81198091898
1846,188445.33363840124
1847,156937.39944066858
1848,74429.15646606377
1849,192828.41354876928
1850,150333.77011708386
1851,127942.80721291044
1852,128218.08742121028
1853,127322.96079451733
1854,178818.10627921455
1855,214586.8406594998
1856,180979.35267164363
1857,223484.8300971178
1858,231194.22291586094
1859,160423.8495483679
1860,220606.06449892838
1861,160410.1507542722
1862,259333.69796055846
1863,254456.92726248817
1864,254503.00502444647
1865,328513.54848030116
1866,263789.8774270822
1867,274577.13262459834
1868,193331.86824622384
1869,218048.28444404824
1870,255215.500723686
1871,264379.9535303843
1872,175033.60249884214
1873,200123.46544926352
1874,172681.1459491346
1875,200797.47341898753
1876,182927.2692891365
1877,204202.64075636346
1878,211590.28295623622
1879,159338.56262676948
1880,170070.0924319884
1881,349991.53537513415
1882,204640.86398282653
1883,195753.15411707677
1884,211694.89192933065
1885,198058.24880010384
1886,194804.3799176464
1887,187129.2602078314
1888,255061.0779538799
1889,174315.03848127663
1890,196833.46134252666
1891,183905.33858486894
1892,141974.0864964776
1893,121000.72212440803
1894,76827.6907777296
1895,147097.29730367108
1896,130064.12336483873
1897,126356.07938138148
1898,110136.57067099222
1899,171207.90291138762
1900,119680.3396990234
1901,177566.63406162942
1902,149398.04254855632
1903,161827.3532707186
1904,160805.083499475
1905,182228.59203045117
1906,147889.87087164322
1907,212401.26032877626
1908,165342.3873300591
1909,167248.85199293442
1910,167403.27476274053
1911,190966.32630580902
1912,206993.1233664666
1913,201392.4112555022
1914,120155.05372209633
1915,174604.787609801
1916,152268.7412119915
1917,217813.23106711172
1918,152989.41844187607
1919,194523.64311088645
1920,225624.80451762682
1921,252458.78229448525
1922,276956.78959642985
1923,172783.26423239347
1924,209006.66747060843
1925,182107.180170037
1926,282418.3179839416
1927,163734.7279278448
1928,191350.84129454405
1929,147105.40131470718
1930,167694.2119382373
1931,227139.47928832786
1932,173518.01773389027
1933,274842.9842738128
1934,178002.02956406737
1935,166243.02953668014
1936,179481.71671413427
1937,167315.31195422538
1938,170174.089685217
1939,187793.00882735057
1940,181440.60382649273
1941,178881.40148229094
1942,172740.80454225262
1943,172805.5810161187
1944,231137.27408383205
1945,230576.07852303365
1946,211573.64184222464
1947,196515.44339136448
1948,285315.1334978911
1949,195783.1418198988
1950,208954.04617153527
1951,207969.98776060832
1952,203074.02291017777
1953,181448.78872418293
1954,184318.6161531717
1955,182394.63745831582
1956,369402.4081126968
1957,180780.09748479704
1958,255094.0703251309
1959,180584.71651730328
1960,139735.21416534705
1961,200022.5318459319
1962,123698.78969601404
1963,143422.16480481077
1964,123698.78969601404
1965,167827.71999197637
1966,163679.79288333992
1967,279189.3762215035
1968,224025.88106797799
1969,237313.57147268788
1970,267914.8945702685
1971,333167.4614195548
1972,300174.1273257597
1973,219382.64203272754
1974,243584.33644736937
1975,253555.04139447195
1976,238614.0469175288
1977,249250.8142295822
1978,259528.36778339132
1979,268218.44191768364
1980,185583.96579277902
1981,282245.33300330455
1982,192628.58371833872
1983,192628.58371833872
1984,171098.27211529494
1985,210553.08758412005
1986,215860.86558668205
1987,162496.6562299703
1988,161373.90953604312
1989,161659.23170681676
1990,169659.28701538028
1991,179353.50516906974
1992,168776.63405952882
1993,161998.9142785113
1994,167201.01659098754
1995,173190.3336142482
1996,189368.31116688845
1997,228854.99162498268
1998,285206.1110546191
1999,204294.06491395563
2000,244165.9917271093
2001,248853.21216661733
2002,221708.66996996256
2003,263631.6394193912
2004,269580.6908514842
2005,181876.13919705275
2006,204021.39335842733
2007,222416.73702792876
2008,174735.86563869502
2009,195678.80921600328
2010,184842.33340350038
2011,79500.20097130947
2012,181571.97844624927
2013,189855.5966020752
2014,178610.19265941138
2015,188178.53323513147
2016,212409.91707821022
2017,185444.3877371914
2018,159478.1389988345
2019,166194.46108488628
2020,141860.70112749064
2021,132180.89291255776
2022,194555.43058054673
2023,184986.85239543213
2024,179291.91030803657
2025,217607.0969924833
2026,176971.7333013966
2027,173336.8090957586
2028,186606.25410216354
2029,163369.7019988099
2030,178628.04204205886
2031,189403.21958439104
2032,198722.45073322585
2033,175378.36419148027
2034,168085.7237776901
2035,197230.943759033
2036,172670.54956474033
2037,172670.54956474033
2038,255240.58456644573
2039,182491.63617730406
2040,284901.6756181392
2041,205131.84669296222
2042,176283.96755610895
2043,191166.5892281789
2044,190214.71093552452
2045,210212.16135103034
2046,182403.35487274034
2047,178141.50819485995
2048,200726.15172448393
2049,204396.1831972145
2050,182469.67496590925
2051,131965.09266944946
2052,175291.9618568863
2053,135718.85884253454
2054,120388.18936925869
2055,174697.20096477552
2056,133561.92144492024
2057,141666.86209577712
2058,187645.8222011793
2059,138827.7924957392
2060,181630.80624824789
2061,177190.02591786307
2062,161128.22101490782
2063,130690.0381015578
2064,215549.78718829225
2065,167592.054895174
2066,200392.22234211193
2067,140795.79303817972
2068,185748.35132192745
2069,162077.8260054576
2070,136261.94718962745
2071,138062.39912822755
2072,405797.84589397087
2073,158169.222508768
2074,186834.86505030276
2075,168006.240774205
2076,199574.20767552708
2077,141963.76816480485
2078,139309.87916352387
2079,200650.18568449863
2080,133102.88292718516
2081,125265.3156396594
2082,73822.67349109947
2083,178343.09566527914
2084,149592.63148473512
2085,131058.77816015994
2086,143586.74918354923
2087,163121.2666403036
2088,142180.65534656798
2089,125815.00650533522
2090,138809.60607890226
2091,77450.36323662518
2092,170029.80661915714
2093,122082.4516391796
2094,69945.91476201551
2095,259789.11840647605
2096,115866.08582522349
2097,70586.02204976018
2098,266614.951642162
2099,138009.5216816189
2100,78420.48692758453
2101,167492.1104892247
2102,133576.98354686965
2103,142723.72515551993
2104,162091.22820869082
2105,70693.12171269022
2106,165806.2302830614
2107,152306.61385459604
2108,143479.6495206192
2109,141942.89389206487
2110,135770.03594709994
2111,128199.4072474434
2112,125028.70010527907
2113,122525.5568205188
2114,114762.71022806049
2115,123770.90173830997
2116,152521.36591885402
2117,219310.90578442556
2118,123770.90173830997
2119,104832.96347864554
2120,148606.239106713
2121,132542.47771417914
2122,145300.89652882778
2123,107112.37945366533
2124,159454.97120232636
2125,198229.2351643126
2126,223226.27020596102
2127,152917.5440089746
2128,119058.45758792016
2129,168364.78046407033
2130,144122.24749819943
2131,160247.01057004154
2132,164535.97846691438
2133,142957.90898153267
2134,156870.38674097977
2135,203459.68381903553
2136,76073.01175754814
2137,128114.66481156563
2138,174521.76573762996
2139,186468.16068441077
2140,141024.79831845383
2141,184277.28216149012
2142,135363.34235923915
2143,184342.2574849462
2144,167748.96835481568
2145,141074.01893344056
2146,218212.57223192428
2147,214781.5677802781
2148,212316.51620937593
2149,277619.1344647683
2150,194177.4389072631
2151,124752.58910585986
2152,87567.54534876077
2153,146352.93661516238
2154,74865.02718729069
2155,136801.55733302498
2156,211179.97129655798
2157,193695.35055595587
2158,181053.1448343193
2159,180734.53370143217
2160,183481.82357154752
2161,265938.8085549329
2162,376008.922458252
2163,271180.306907653
2164,256843.89789756347
2165,174409.4673072978
2166,192134.28121077063
2167,197456.41017062118
2168,212281.82517960423
2169,192082.41149968532
2170,216848.84034381143
2171,195247.6435052486
2172,202084.8230297941
2173,178376.10825819368
2174,202232.36691181833
2175,235664.93196759978
2176,239854.4306773123
2177,208611.3589314117
2178,201627.28768803482
2179,161619.06385692145
2180,235285.91233712935
2181,179307.15103791252
2182,257014.21356043837
2183,210116.01196130237
2184,133842.12405142322
2185,189755.55445485353
2186,177471.35422282532
2187,195091.00641480583
2188,169496.79899434253
2189,259763.2088231647
2190,70708.06585170371
2191,71745.43816822377
2192,71852.53783115381
2193,78389.35330463974
2194,73246.07879416215
2195,138327.75702051207
2196,141801.3593468986
2197,114961.88621177559
2198,141300.73068994653
2199,179095.28399562504
2200,155997.63756300265
2201,171066.56721581137
2202,112505.21670463105
2203,207711.923309904
2204,130869.36776971973
2205,124513.36491870802
2206,149014.13927968714
2207,249093.26714488858
2208,190559.01931455982
2209,202731.11996584584
2210,167735.7818557908
2211,115064.16290129746
2212,123770.90173830997
2213,73376.84001053023
2214,134386.45774343394
2215,152043.31187668518
2216,153161.19683739974
2217,189086.82445566315
2218,110710.59547496247
2219,112760.27480338377
2220,122199.15848912156
2221,184114.55653105787
2222,174564.93657243164
2223,266602.81668903265
2224,257446.5656346429
2225,183038.48078081384
2226,171202.0519807926
2227,181539.63823819114
2228,251893.0199078141
2229,214574.5641547258
2230,163890.88979949855
2231,225478.44699905242
2232,176140.49674302753
2233,213796.26402443333
2234,180451.91960822506
2235,169281.43352669617
2236,192480.86289191054
2237,274748.9312417856
2238,247741.85052135418
2239,74775.36235320973
2240,155518.81171118238
2241,268810.2975661604
2242,178838.9401086275
2243,140848.78844772428
2244,131363.11585536736
2245,130892.37547644229
2246,142448.56459367863
2247,65060.42664952069
2248,129688.89875058964
2249,129825.88669154666
2250,185697.292180298
2251,197400.91058366786
2252,192612.79025006492
2253,160521.1448582186
2254,163878.2189625897
2255,173719.09122571605
2256,165914.25847838327
2257,179159.01397416333
2258,168007.68328519026
2259,159447.8749268136
2260,191992.07596427057
2261,175279.54716751285
2262,176634.91721353156
2263,239797.42118029285
2264,373431.3415817135
2265,298145.7418744446
2266,196190.92234641436
2267,240875.96908223152
2268,240611.95595965977
2269,183025.59255617403
2270,185317.46198037174
2271,225164.9166706315
2272,183718.73569679027
2273,187451.3107846094
2274,181885.88456866413
2275,288184.3829162507
2276,203795.0371742518
2277,181108.63093369943
2278,202384.95115498174
2279,154470.11332746624
2280,144352.24197585593
2281,181354.59582403366
2282,192293.03319705502
2283,124352.59577785441
2284,124169.5300749391
2285,136639.54284725362
2286,151741.93840657972
2287,240194.17223047483
2288,267258.0046168677
2289,288516.23784610804
2290,310212.51567388495
2291,228133.95713924512
2292,276614.1815594378
2293,286638.85089180386
2294,260247.12896702427
2295,344241.18639148993
2296,244969.85260247305
2297,249141.83559668245
2298,266612.12560165947
2299,282076.65870100487
2300,261907.60851790186
2301,250048.38771536644
2302,269758.55778699735
2303,197266.682967655
2304,270319.9909571902
2305,207629.4727142718
2306,207631.96340410737
2307,172785.43810970307
2308,207602.88569553627
2309,197718.58476655022
2310,192628.58371833872
2311,172971.70564711484
2312,209411.99775061553
2313,164432.61483873773
2314,180070.05371558864
2315,171560.3355231225
2316,152742.108781829
2317,164243.2634297655
2318,170778.25891474966
2319,161289.36426623276
2320,174981.1985874999
2321,207059.61872051685
2322,153650.35955903368
2323,180065.09255758097
2324,165487.42198410688
2325,194938.20478391147
2326,166565.89068291403
2327,169010.4623132111
2328,170308.84308387386
2329,172787.2176548778
2330,176969.79703348147
2331,282973.6626141449
2332,254621.0364224377
2333,244559.65890573082
2334,209352.77393295942
2335,192207.1836008589
2336,280823.8214920434
2337,209362.6574891702
2338,266379.60167436296
2339,183476.84219187635
2340,320031.4857070845
2341,181786.47436297179
2342,181278.8084119749
2343,222114.1771943735
2344,202126.94736926805
2345,264126.9109026782
2346,206232.96752616152
2347,201594.67111077777
2348,204463.7081919742
2349,200255.6489549533
2350,273053.9578272038
2351,207589.958711092
2352,223467.5907508136
2353,240993.9600368957
2354,72561.139089377
2355,72561.139089377
2356,206112.2684939308
2357,197662.7616329806
2358,186492.69178877264
2359,135786.30463416272
2360,139164.52938047273
2361,224245.23871791316
2362,212265.45875126903
2363,171928.60204645828
2364,198919.19669209595
2365,188099.42265859517
2366,174648.59206965464
2367,173204.3677590108
2368,170771.12219590982
2369,186629.8566741336
2370,163369.7019988099
2371,163166.71077720996
2372,210561.60783247714
2373,195275.15905637597
2374,318077.08453394467
2375,180722.73241544716
2376,198917.1407777223
2377,234863.20789326378
2378,168908.4434547472
2379,199243.5391091195
2380,180239.75597507512
2381,194562.70380046347
2382,191261.74942052446
2383,179496.66085314774
2384,180941.9923241099
2385,183633.75565151803
2386,145450.73393462016
2387,141362.56316037418
2388,194007.49735485954
2389,160077.20888576005
2390,178409.73257097404
2391,246873.84511365375
2392,143031.7601256763
2393,171489.3508628084
2394,171987.4888299249
2395,193383.93512337658
2396,140646.58925743925
2397,203411.41364162677
2398,191611.98793328623
2399,69447.77679489904
2400,67579.75941821226
2401,137782.19652172452
2402,138869.69944748218
2403,249172.37603790232
2404,171276.7726758601
2405,191284.0072227817
2406,143794.85996941983
2407,139880.60270820267
2408,226536.080184924
2409,148862.58299371056
2410,177962.77170842295
2411,143504.556418975
2412,146970.56871291884
2413,150045.6606656122
2414,151921.1501118057
2415,180321.13817019347
2416,167532.119932857
2417,137910.70465765148
2418,129587.96683078057
2419,149972.6790723924
2420,159933.34205702116
2421,137015.75665888508
2422,175762.44608827596
2423,80892.49658940002
2424,160337.88198923587
2425,355112.1375295561
2426,204299.48106908874
2427,76670.7773180879
2428,136826.02945591888
2429,127133.33301634618
2430,137250.75105435366
2431,151140.73340214902
2432,135812.16028657387
2433,147081.95714900014
2434,144718.0161258335
2435,150810.06483574148
2436,138285.69166250608
2437,136460.60919474915
2438,135332.91988095525
2439,199297.74110377743
2440,198079.7937741776
2441,109493.1621239561
2442,106955.95975095354
2443,156006.19657116418
2444,201815.8285275512
2445,126331.38987075663
2446,150860.7684050405
2447,256558.63470825774
2448,158216.76300337503
2449,175069.08387640613
2450,177181.129875512
2451,142013.18594585903
2452,207419.88065761153
2453,147166.50241881044
2454,162840.57027687068
2455,139873.1306386959
2456,142139.6583890759
2457,120388.05118465923
2458,118684.28115252142
2459,123920.34312844492
2460,187763.12054932356
2461,132916.08118951647
2462,121858.21035084571
2463,154661.2240599497
2464,163110.92808696732
2465,201629.0267898825
2466,201255.4233145452
2467,171167.3002860304
2468,123372.39136461681
2469,118064.61336205482
2470,225181.18535769428
2471,141526.59311719218
2472,235306.35183440743
2473,165038.02941318817
2474,134458.56978572987
2475,189407.4510595969
2476,121882.95884293853
2477,145328.9867235391
2478,203714.54475172085
2479,178337.50256574215
2480,197612.55350413406
2481,136148.5028391725
2482,201099.75519982126
2483,132397.52394678546
2484,190450.57488191695
2485,143058.86112300522
2486,152307.66203344642
2487,225215.12648300058
2488,121427.91419101486
2489,186638.6145318852
2490,147380.14900627267
2491,176161.568181835
2492,199092.14122940594
2493,212452.3194704057
2494,235011.58256640745
2495,159707.0465378362
2496,195550.77629886527
2497,149736.38035053806
2498,158187.72405460838
2499,145677.68330052064
2500,126424.84972105894
2501,131394.15173703973
2502,132997.2072370994
2503,134547.48303182295
2504,206905.7722778173
2505,185181.481774938
2506,267057.7804543022
2507,273988.2428847461
2508,268374.1100324075
2509,253895.1587416284
2510,223190.37259107607
2511,188126.3264898567
2512,202651.67235512
2513,211179.8920934265
2514,205199.9261096423
2515,246130.71123192186
2516,185615.88976351614
2517,158641.26721407883
2518,137365.3042486495
2519,208726.66203017288
2520,196701.61318750377
2521,189443.7632282803
2522,181694.97100224812
2523,175225.385616182
2524,155833.98340017855
2525,202712.47686836083
2526,239832.48800405842
2527,151636.65873215144
2528,172579.02766587574
2529,199574.20767552708
2530,233190.13502508623
2531,206295.47238144558
2532,209022.59912348172
2533,193247.8959364749
2534,185114.47075877176
2535,202919.95571270207
2536,216732.312121796
2537,191272.4839895182
2538,195443.28062027774
2539,201970.46868508827
2540,170245.54788079747
2541,180638.70112423023
2542,162948.16369673063
2543,160381.0140642331
2544,188569.2345051284
2545,210890.65694349556
2546,211042.60756160703
2547,187819.1610706242
2548,203170.46720724553
2549,180113.08636579086
2550,367366.31298248045
2551,183905.33858486894
2552,157884.96705498564
2553,71791.51593018204
2554,74106.61213235586
2555,123496.80789345998
2556,151908.89382869523
2557,190169.12693049613
2558,76782.8583606891
2559,150063.58925139115
2560,124793.32991581655
2561,115972.43390016563
2562,122013.66107783864
2563,121891.91386675756
2564,130610.45398975511
2565,168008.00009771623
2566,124034.55928855127
2567,187739.45899588554
2568,223229.96916443255
2569,212173.24424588453
2570,167614.98339876503
2571,224363.46896549442
2572,180655.73993742184
2573,227214.36007318087
2574,238511.83089299744
2575,231171.8067073407
2576,72297.12596680527
2577,74503.87716113124
2578,89909.7004214139
2579,133619.58310513257
2580,73495.14777772038
2581,230630.08166810154
2582,118537.84443081547
2583,179628.0540110452
2584,185834.49750898604
2585,219426.82228657516
2586,206627.84128989634
2587,187490.4894371223
2588,153734.49027504562
2589,190465.51902093046
2590,181502.2778906574
2591,190029.21520776418
2592,169403.25994090873
2593,184575.94755402903
2594,192857.8266080073
2595,175752.42266394309
2596,230340.60890877608
2597,199186.98460922547
2598,177879.27461746297
2599,285072.2069852225
2600,347618.42699098535
2601,173309.72832009319
2602,121046.87740597522
2603,130813.91874662145
2604,65082.84285804093
2605,128825.77529776533
2606,224534.53453283466
2607,199864.13711550052
2608,254159.39261897624
2609,190974.5685014446
2610,71593.50608825324
2611,195907.26344140212
2612,187940.8695219008
2613,136083.74490344737
2614,139924.5065928513
2615,176916.62299601038
2616,145560.54167511675
2617,290847.12751655566
2618,233904.29567360977
2619,189730.86494422867
2620,161943.17034807315
2621,173011.18257401278
2622,173376.99716731743
2623,196119.89892629586
2624,251300.47333634
2625,216220.31695432082
2626,162183.73930493783
2627,169783.6428792329
2628,231350.68306189973
2629,253351.79402533657
2630,227810.08825748792
2631,245983.18757156114
2632,229013.32905746868
2633,187705.2617230438
2634,245637.95066013403
2635,204965.95798783796
2636,182932.40907507064
2637,207393.41160181194
2638,194712.9355383907
2639,183595.8813253909
2640,177849.227933173
2641,199574.20767552708
2642,194234.94047768987
2643,163967.46755934966
2644,163220.26060867496
2645,123960.31212875019
2646,123698.78969601404
2647,123698.78969601404
2648,165565.24508887576
2649,138925.79895025078
2650,136609.6545692266
2651,167667.0704975813
2652,267410.33271249564
2653,277968.0888728078
2654,271740.712120659
2655,321583.0472900528
2656,228800.21667026338
2657,190825.28551757263
2658,206410.4199078763
2659,225129.15724034596
2660,251108.01783414377
2661,284925.1181003237
2662,262151.478734058
2663,244661.7182075217
2664,193545.8097410259
2665,271680.53954894753
2666,198323.15001174033
2667,162221.04067100357
2668,173278.91150967436
2669,172175.9909096368
2670,217477.1463455711
2671,171829.3300253654
2672,163711.22309714713
2673,154900.52745023306
2674,152855.8295014829
2675,164278.80378879746
2676,170403.27190989506
2677,169322.09513352133
2678,214748.83324008505
2679,270975.3979562788
2680,244956.7655282432
2681,245895.16241453285
2682,236037.29009801935
2683,296783.25196420436
2684,253557.80845350644
2685,234588.5394048298
2686,246801.4971454859
2687,287406.7939306191
2688,189630.4267813495
2689,203136.7636913337
2690,254768.95609845588
2691,209351.29097864713
2692,72851.30445522234
2693,212298.0736450035
2694,79500.20097130947
2695,175109.4691140324
2696,172025.20474978906
2697,225718.6991433911
2698,177064.66063496453
2699,192023.72188228613
2700,179196.59170942806
2701,178839.118736554
2702,212555.91902445426
2703,191109.36234342848
2704,202114.7113078211
2705,143371.52190050232
2706,138764.49729266283
2707,181018.53132415656
2708,147591.77843916568
2709,73208.71844662841
2710,137859.72471915354
2711,202703.4241032694
2712,273338.766019384
2713,197779.72463045793
2714,172544.7697280434
2715,164263.859649784
2716,178453.17977497468
2717,169557.1687321214
2718,196895.41177589027
2719,190347.3898816668
2720,181340.937473265
2721,186639.70147053996
2722,191194.26318556926
2723,186340.8186902701
2724,145779.2673835226
2725,133759.93128684902
2726,200793.7761440386
2727,140306.15509775683
2728,171230.47752617084
2729,181020.58723853022
2730,139921.79851528478
2731,126946.5312786775
2732,135706.76096568705
2733,172706.7842138148
2734,129820.78734893956
2735,137100.44011329487
2736,126755.34134306257
2737,128612.8027786821
2738,186231.44572523545
2739,176567.35345896747
2740,170427.23005419553
2741,146885.05446738965
2742,183113.63625134324
2743,142021.72641587968
2744,153932.36193237494
2745,136549.40447790624
2746,141058.14626203524
2747,164349.17672924572
2748,224081.88114595157
2749,147531.3294982553
2750,146504.96811992791
2751,142146.73612644774
2752,264681.17027774936
2753,277941.1850415463
2754,313714.68341377174
2755,216092.3025753238
2756,158234.49442308655
2757,222776.64170917042
2758,133872.5060863801
2759,188958.6516704031
2760,220003.1995957815
2761,140923.92538011272
2762,133449.840402319
2763,169114.57752937567
2764,184769.5102165436
2765,183510.15137565334
2766,210375.4987013284
2767,162324.24589291727
2768,73821.42814618167
2769,135631.8026612251
2770,189207.72065396135
2771,146247.3586663491
2772,71938.4666304814
2773,213497.39978230442
2774,128254.14344235824
2775,105922.8576694438
2776,163639.33012610476
2777,198641.44433210144
2778,112384.10143507933
2779,200252.92065572325
2780,134785.34391112108
2781,118006.08215091864
2782,188958.6516704031
2783,120473.11043306298
2784,198079.7937741776
2785,170213.95926072728
2786,117203.58626693122
2787,158743.97867906262
2788,125667.40364184296
2789,166606.72923414316
2790,70663.23343466323
2791,213365.39322101854
2792,69150.13935954694
2793,130915.44553167801
2794,127901.1766303664
2795,110650.89812203997
2796,124199.77560881911
2797,231853.54794467456
2798,157901.25596371194
2799,158834.94783952934
2800,74429.15646606377
2801,140304.01998025167
2802,142325.53159435274
2803,204475.8852719532
2804,176970.09530786652
2805,130996.07613880845
2806,109530.08769602791
2807,124475.17378005487
2808,194098.1901461273
2809,150439.1896596342
2810,137680.17766326066
2811,188328.0133850709
2812,208390.6160684367
2813,203524.8765302226
2814,203074.71383317508
2815,156263.39147094463
2816,203793.06214653223
2817,206638.31802783208
2818,204082.35627793113
2819,164858.97611422517
2820,186359.49886403696
2821,118849.69463885669
2822,263885.8296507427
2823,272766.4820007841
2824,194536.55155718984
2825,204063.5379195648
2826,140014.1714269323
2827,142535.9746637959
2828,190230.24825626292
2829,277979.90869693377
2830,264465.071760256
2831,212317.6823511622
2832,189352.95247407653
2833,244475.78602077684
2834,217998.35268440068
2835,202209.3575215732
2836,209728.70969186933
2837,193609.3627751603
2838,181603.9428603134
2839,183318.11042725548
2840,204740.9061300482
2841,188663.95992201206
2842,209539.29930142913
2843,143714.12993749435
2844,224771.74324893986
2845,137871.2883957441
2846,206291.36055269826
2847,192225.40877750033
2848,169473.23686569952
2849,191080.2054317259
2850,219247.05784295127
2851,193317.57795392582
2852,199973.54884033964
2853,212137.20676287747
2854,161630.2719611816
2855,194723.333073195
2856,201736.34384054353
2857,200183.9919097828
2858,185166.24104506205
2859,190922.5606057598
2860,72984.556361426
2861,162928.87180309795
2862,208373.1812395876
2863,73246.07879416215
2864,188015.59021696827
2865,183905.33858486894
2866,150401.63046251042
2867,130490.38689905374
2868,189733.25620926922
2869,137757.60643589468
2870,217846.3818446257
2871,73492.6570878848
2872,121063.403924096
2873,138221.32974243845
2874,129860.63838630887
2875,168537.8834076433
2876,140939.58066378708
2877,117091.99898125991
2878,138619.38511900615
2879,128956.51797599246
2880,124008.7626176081
2881,160672.72304938128
2882,169337.8700636542
2883,173137.51514910755
2884,206613.84590493818
2885,161639.86061005256
2886,158284.26945999375
2887,119845.97057308964
2888,183844.11951782973
2889,73848.82573437308
2890,132130.6443403842
2891,159428.32520212285
2892,78620.98745934891
2893,74429.15646606377
2894,73831.39090552401
2895,179852.2160962476
2896,184113.31118614005
2897,219972.95742894668
2898,209896.23807404627
2899,182940.75069550122
2900,193790.5899514329
2901,240174.86516574636
2902,177249.84123372147
2903,238086.55487264227
2904,228467.76855868113
2905,161850.58341573988
2906,245350.78827919508
2907,140848.78844772428
2908,139582.03674045875
2909,283195.0374186493
2910,65051.709235096154
2911,121021.9705076194
2912,154197.64062152797
2913,128381.18716211387
2914,65121.44855049246
2915,65632.03996678685
2916,128830.7566774365
2917,215514.62262325425
2918,76223.69849260087
2919,218962.308632239
