Id,SalePrice
1461,131558.09831654286
1462,160125.63818633344
1463,150432.2083031818
1464,168797.02023880964
1465,235036.37515294738
1466,164914.76353443705
1467,155527.03203240916
1468,155257.12685163802
1469,199590.76427830826
1470,109506.91091220753
1471,201894.97011145356
1472,120257.4851621724
1473,108607.89380949145
1474,159125.13876121165
1475,155318.91802462086
1476,348556.2591640591
1477,272060.92771648825
1478,323658.25639682764
1479,281385.1415276092
1480,407588.2853830548
1481,299264.4512721357
1482,240106.90490930196
1483,165908.5194412531
1484,183349.69117491675
1485,172365.0564096455
1486,199534.45981872335
1487,318202.59321227047
1488,276204.84630663635
1489,200801.0621995413
1490,180938.79362627375
1491,198658.6783614633
1492,120059.41044565073
1493,173165.06897106883
1494,291712.7251065662
1495,288289.2563828849
1496,210611.6577464973
1497,205181.62592816603
1498,172991.7930136462
1499,172991.7930136462
1500,145059.03548430122
1501,158757.5036025301
1502,166904.30689536035
1503,267300.8388825293
1504,254869.47379626086
1505,215561.73007291416
1506,206223.54654918864
1507,225506.2540383209
1508,200091.58682214952
1509,164533.29298168767
1510,142587.7133274703
1511,141726.9913284606
1512,163181.30827029678
1513,169317.98897579982
1514,151381.51966320566
1515,191427.5182429519
1516,164288.6646871362
1517,145383.67964351308
1518,172734.51666557812
1519,215979.70688500666
1520,126991.96051755265
1521,131548.8244067017
1522,176946.86465787626
1523,113517.85026039544
1524,117799.48666964856
1525,115031.37206941715
1526,114006.67596580375
1527,115751.36058739552
1528,140071.49098249245
1529,138341.18735170845
1530,171329.25002509402
1531,132814.3828549717
1532,96706.70026305414
1533,153694.49810709688
1534,139421.09030133975
1535,140735.3919249951
1536,128236.90578527513
1537,122593.2659722561
1538,226087.61055191766
1539,261758.32424840474
1540,150890.51533227833
1541,166852.12276283678
1542,145434.7028353163
1543,214824.75247481014
1544,84551.84357378032
1545,128474.74998654486
1546,149273.17575656908
1547,128704.23708961206
1548,148760.44863603576
1549,122428.32352471842
1550,146448.31267949266
1551,142053.69180825108
1552,157170.04033305327
1553,138565.25641392282
1554,134844.08507027727
1555,161291.60746506898
1556,111540.62396736046
1557,123269.78259791521
1558,118902.33030183475
1559,120681.96671651927
1560,149413.37751601904
1561,147824.4488769824
1562,114677.04768482421
1563,106277.39907990383
1564,156416.99006971158
1565,136761.99393505073
1566,218480.78333470973
1567,94350.47047432084
1568,192443.04562935344
1569,139095.0949172821
1570,141821.11422862127
1571,119218.80361322797
1572,132006.03519375698
1573,215419.8887123376
1574,146849.05512471418
1575,207957.31319090704
1576,206119.54650035145
1577,197909.3071025133
1578,156995.68481794337
1579,126806.99943873216
1580,202909.5403898487
1581,118914.99856071206
1582,117700.06235089366
1583,301086.83683098503
1584,229821.39021281153
1585,132529.07439142553
1586,62986.37958621069
1587,104130.53429951468
1588,132104.86894455217
1589,113619.35296637451
1590,144244.47841330984
1591,87626.92044651257
1592,131037.4470798522
1593,131990.76002364716
1594,137105.79585875536
1595,126015.70208415305
1596,226714.327540933
1597,176661.18491037033
1598,189500.2604003559
1599,221724.73452353256
1600,230190.6771553018
1601,74315.77023440706
1602,148589.5727731703
1603,100039.4555848839
1604,260182.37647360377
1605,267387.32501232927
1606,164555.09571255805
1607,231941.5705680767
1608,208593.56828696225
1609,192423.43616486382
1610,125765.15595772176
1611,142597.2744535445
1612,163215.3908579162
1613,160498.3018308113
1614,110466.96091063086
1615,81826.43429474568
1616,81826.43429474568
1617,96679.16703054192
1618,110493.98095861943
1619,115302.86519847432
1620,198759.12311959884
1621,132199.82280623863
1622,131676.0012027517
1623,267254.6647720764
1624,190604.0525468056
1625,139134.701548665
1626,178591.64228838845
1627,169482.85228515504
1628,275996.6406849212
1629,183731.6132587032
1630,317103.26925151335
1631,246856.38355163904
1632,264390.5449278324
1633,172533.24930358556
1634,169284.2462547049
1635,155976.1328287383
1636,156466.36619047445
1637,171810.09868196148
1638,219275.01470486508
1639,187472.71948532364
1640,247507.9516129161
1641,182821.40351441468
1642,216220.08230490523
1643,258013.47076369287
1644,251841.68542221512
1645,168818.69440407312
1646,156638.87389287306
1647,189884.7275722071
1648,138322.8282424999
1649,121876.89058922474
1650,110912.86560949645
1651,110912.86560949645
1652,120257.4851621724
1653,121503.86832881265
1654,161570.4799420369
1655,177335.02266163763
1656,159125.13876121165
1657,161570.4799420369
1658,159125.13876121165
1659,157240.42540652456
1660,138026.33758775002
1661,371951.5590626202
1662,362908.95517658116
1663,354507.9771464539
1664,449242.2364139589
1665,331682.53690833657
1666,291814.6755260593
1667,299956.47420546244
1668,336910.34621922235
1669,309996.7754627515
1670,336760.01589673385
1671,233387.6811092171
1672,383811.2795907395
1673,288127.05407078186
1674,276326.50011081906
1675,171060.03290407892
1676,174740.8405064401
1677,200324.41266948055
1678,447326.26304336754
1679,307843.4701194667
1680,332292.01170490694
1681,296926.47575393855
1682,274985.86714561837
1683,203427.73343312842
1684,182494.4474265526
1685,155046.4364554537
1686,186449.92561310646
1687,172365.0564096455
1688,195966.59502194202
1689,193759.89418291958
1690,186010.00600549293
1691,177074.68588522397
1692,261258.71236698274
1693,172365.0564096455
1694,157640.5041195468
1695,174882.09321651256
1696,244665.97927956938
1697,175401.41953594598
1698,314371.04064033553
1699,304306.73868270114
1700,230567.81346683722
1701,278161.09517169115
1702,287955.0685962008
1703,271619.5668487595
1704,281721.89488472673
1705,244589.5592133505
1706,381027.39687331277
1707,208216.3474114873
1708,210854.72874016297
1709,325251.4559467684
1710,254675.44615811648
1711,260531.1931257293
1712,273990.46186503663
1713,233056.83318583024
1714,219357.33465298516
1715,205367.70380184537
1716,195607.79900520697
1717,185514.38942473795
1718,132117.86646770482
1719,205056.4200759235
1720,268657.39356966404
1721,188428.27726579312
1722,108994.72785551244
1723,138907.9238548783
1724,222633.37316511897
1725,224110.01076151332
1726,174163.8687047736
1727,172277.2451219394
1728,192162.05809576402
1729,153330.54075006524
1730,168283.55983834027
1731,120517.24300706665
1732,129750.94871829511
1733,114586.62019083879
1734,117547.30524456929
1735,110629.67713696169
1736,108136.91080368121
1737,304299.1127418351
1738,208674.26357903332
1739,281125.638660212
1740,200463.30710318073
1741,169808.74273058452
1742,158757.5036025301
1743,187473.65936093414
1744,270679.2323291395
1745,229773.90067807378
1746,269325.1413009636
1747,232312.78376517163
1748,216562.1922755783
1749,149368.47665022872
1750,153571.19484764902
1751,231330.8905521466
1752,107939.24330209082
1753,163186.45965764014
1754,225280.05685612623
1755,167134.4300660993
1756,103636.00774606399
1757,107731.51277431745
1758,148407.21340651397
1759,166817.09066291782
1760,154411.37205386884
1761,148287.72405850937
1762,170693.21066789975
1763,172250.27970645594
1764,115501.281513453
1765,197241.66607604525
1766,180007.15094697574
1767,188393.74977350206
1768,126450.74210266533
1769,196259.65247242228
1770,135806.10146545136
1771,130857.22789963905
1772,145672.2242872491
1773,119463.24132881055
1774,186614.84555245988
1775,140914.60731849584
1776,123543.53283780432
1777,99298.68953776255
1778,115209.42258352618
1779,121850.82371961017
1780,186317.48679252286
1781,127707.06752116716
1782,93649.03836835093
1783,144352.6223462694
1784,92236.16995451803
1785,119708.74862492409
1786,183807.18868554215
1787,202049.05656286172
1788,65383.49488066076
1789,117724.22985337603
1790,84612.25911111389
1791,239503.91179731773
1792,166346.86205421522
1793,148899.53398079018
1794,142755.52018456103
1795,144454.32237366872
1796,130048.0615783851
1797,167718.88426824164
1798,119223.44965668993
1799,95087.62390214483
1800,114769.30301917846
1801,124975.07253860994
1802,169265.4004326222
1803,175194.81227727025
1804,126341.87399349478
1805,138027.25479542286
1806,142449.15170742635
1807,176656.3160952771
1808,121078.47482013087
1809,108501.84293791301
1810,137783.04113905234
1811,111726.54592191309
1812,114338.737510224
1813,124467.88560986417
1814,95749.16602117656
1815,73142.50761185573
1816,98093.66437630626
1817,141174.7295492685
1818,180538.16903357924
1819,137738.40224122338
1820,73598.24419203731
1821,151655.38577066874
1822,169344.69697695895
1823,63234.43939176317
1824,153521.4371465161
1825,130898.31971524085
1826,111269.04296514568
1827,113744.74113097442
1828,137331.42090141735
1829,167583.54183551407
1830,184476.2822714342
1831,195901.85350768815
1832,149567.48423997962
1833,171339.43869817074
1834,146140.67090194175
1835,186985.2724743805
1836,174510.54435572296
1837,82208.73652075928
1838,146107.93250867864
1839,78313.58057710278
1840,114931.64006310464
1841,124705.03789463622
1842,106813.72101216752
1843,139405.62649516918
1844,137425.73272045085
1845,143242.5055219535
1846,155664.8525429301
1847,165981.38021429343
1848,59438.932391521375
1849,113245.76077781006
1850,123821.43433821111
1851,154296.95513146324
1852,120355.90453326052
1853,118321.60686530817
1854,178700.12811666966
1855,157041.42653570347
1856,214039.63622047694
1857,153870.20176998386
1858,169145.3894098024
1859,126149.92753068171
1860,148958.11637759063
1861,125099.57629733297
1862,272373.572921242
1863,272373.572921242
1864,272373.572921242
1865,340942.8325729538
1866,331201.186685593
1867,268683.9288876462
1868,274492.058014398
1869,204874.1184796251
1870,249029.01482887033
1871,267638.98685741494
1872,153582.3539836566
1873,218798.13856596668
1874,123284.88691359016
1875,210599.58802865318
1876,177003.25145578576
1877,210984.60652280625
1878,216184.92165623428
1879,112517.61099613056
1880,118246.04386256113
1881,255859.7747895572
1882,270285.24898460717
1883,205085.6199593847
1884,216987.7853703501
1885,250814.43280792565
1886,273622.04300366784
1887,205969.9166418065
1888,272541.82411076734
1889,149875.5561062657
1890,126051.43793288726
1891,142268.00790563528
1892,98446.51818654823
1893,130481.9110058728
1894,147929.8265192567
1895,147309.58824801244
1896,120011.74944585693
1897,120700.58636833497
1898,129650.68643780513
1899,151219.83037603227
1900,160566.45620928583
1901,143260.79749869363
1902,135914.4300598766
1903,232907.13889737832
1904,129110.38658765846
1905,183983.32179770147
1906,139607.10672636557
1907,200979.1794008506
1908,132799.5865212115
1909,142766.99166686536
1910,142766.99166686536
1911,180182.2517763385
1912,261525.99267909868
1913,174224.538490173
1914,71228.30803813733
1915,258087.34102579797
1916,81141.55501758082
1917,269178.9635169527
1918,133819.38909190745
1919,162092.88241061004
1920,176821.96644123486
1921,352867.0898970113
1922,327772.88416394405
1923,191796.1805449995
1924,217263.74623042272
1925,216749.37082676525
1926,352854.93807217706
1927,121619.26905658454
1928,150589.8195899715
1929,104491.32379296047
1930,134719.2248838676
1931,128125.89825195001
1932,125679.3546971851
1933,168228.25815092097
1934,168797.02023880964
1935,153890.78310779936
1936,168900.88550269633
1937,165496.61230217366
1938,147848.19163796594
1939,263547.2746830598
1940,235036.37515294738
1941,169651.47449746146
1942,168005.4952032161
1943,236686.26953154206
1944,292068.7060984182
1945,333382.5969757171
1946,183003.13869933685
1947,315502.3174251769
1948,193225.32359195547
1949,225284.17010005334
1950,199649.73914887765
1951,252319.54857030456
1952,233244.5818703677
1953,159717.60452617207
1954,215686.83134050126
1955,131462.58459729806
1956,307122.39599191037
1957,176425.68616029434
1958,292651.670001297
1959,156254.8069557858
1960,100926.70573710001
1961,121649.45813513352
1962,120257.4851621724
1963,124827.55677318663
1964,117328.90146144366
1965,160163.7914000785
1966,177292.44141163863
1967,276605.72188779316
1968,323271.39905152365
1969,339808.4066756901
1970,377848.55877583363
1971,446452.7485810876
1972,356488.18162251357
1973,267468.6899436256
1974,288436.93359135883
1975,438882.1875740619
1976,267734.27702142764
1977,310268.0400315839
1978,322352.9058676944
1979,342356.1888325683
1980,201116.04243538727
1981,341813.293646359
1982,241601.51045695122
1983,241601.51045695122
1984,194932.5889520768
1985,214648.61847969278
1986,221203.53967976233
1987,187725.65513825446
1988,157487.70423122816
1989,197087.1213850981
1990,210141.74385959166
1991,200324.41266948055
1992,209908.04871525153
1993,180843.72463366017
1994,227583.69877784827
1995,196812.14703847736
1996,271028.7767037303
1997,336396.0605381724
1998,307078.8816026229
1999,229242.3068288377
2000,297717.2180268502
2001,243601.89529139554
2002,223887.5433499002
2003,278858.9922186667
2004,270364.54933998693
2005,246112.2220406367
2006,245454.3507321722
2007,269266.86836623435
2008,189687.4789636658
2009,173888.9866666771
2010,198623.21802131916
2011,133291.44213664747
2012,186912.1679132532
2013,167164.0644911009
2014,171083.00401203765
2015,198550.6173227279
2016,177292.06115670234
2017,203240.16065785367
2018,119962.45634748905
2019,113547.96755197192
2020,109526.3932091709
2021,106069.66855213046
2022,176030.47103136545
2023,153342.17519891608
2024,216692.52377890056
2025,368139.26596870885
2026,193052.2638655337
2027,143557.08824824868
2028,186633.31739036317
2029,160051.70657646825
2030,306801.08111741534
2031,287265.5806902651
2032,297023.37491763756
2033,301149.054272829
2034,182606.85340734824
2035,208123.96850357027
2036,237724.52916848377
2037,238600.6650561811
2038,399281.5174119438
2039,230508.32482355682
2040,367016.4660967107
2041,259097.4482192601
2042,207567.85050049415
2043,177485.2136649155
2044,198885.0822182626
2045,223463.27714644332
2046,169406.42564724904
2047,137571.72304884924
2048,125583.74564575785
2049,181294.71566257154
2050,198035.52503324128
2051,94368.66054700357
2052,132416.34486196036
2053,122981.07814007104
2054,81287.17704116399
2055,154477.2228498889
2056,121812.16598595702
2057,119813.06771727523
2058,190198.8500014466
2059,128439.15588146547
2060,152339.6304869623
2061,179736.24928594785
2062,128246.51989296655
2063,101993.6220840742
2064,144647.16856088012
2065,119170.10837067995
2066,186928.71405702847
2067,131941.79844269354
2068,183144.16436016595
2069,83097.01225787193
2070,115804.84988010042
2071,83740.41857591637
2072,195821.19643382583
2073,120670.93403697488
2074,197890.4389284202
2075,147627.24443530416
2076,122477.86448968126
2077,134948.58491870735
2078,118516.63873610095
2079,158444.8601111875
2080,133625.16127092307
2081,141285.0045990722
2082,156351.95779049216
2083,145789.45022749633
2084,107220.36266365768
2085,122912.04427719206
2086,126352.7924097593
2087,130376.61810390567
2088,124541.91436610941
2089,91776.51424049957
2090,148801.26684180088
2091,110472.55006916125
2092,136942.75066888134
2093,142079.5702738863
2094,150465.23519600494
2095,179232.66490742555
2096,95639.49247541346
2097,95831.58641412955
2098,164450.92396111658
2099,71449.1692699766
2100,105321.33742933514
2101,143749.66856504482
2102,174744.8143916874
2103,102152.76017282129
2104,179553.04177659983
2105,113843.0806949083
2106,113757.56566009506
2107,239327.71435435998
2108,116015.57631979494
2109,108034.57484808067
2110,123079.0735037545
2111,185792.76838608182
2112,145756.8298032126
2113,114354.9561686761
2114,132610.50810412358
2115,161390.4890690673
2116,116819.21429951796
2117,172064.66720124608
2118,141627.16077022918
2119,129970.0743361985
2120,116691.43399345694
2121,78673.49016685032
2122,104945.18420929022
2123,79184.49245366457
2124,214755.82809060122
2125,172160.32917993068
2126,182959.90956849323
2127,187569.2598144483
2128,153061.87522780205
2129,128045.0179999741
2130,153231.4516192407
2131,189840.1469334857
2132,131470.34052557137
2133,140590.3128698552
2134,144782.55430627958
2135,107843.39003299753
2136,92317.51239784971
2137,117146.2027491802
2138,127151.44650835125
2139,151099.5858298312
2140,115840.79037561997
2141,137297.9889704539
2142,120186.15010217705
2143,134695.86472342562
2144,134969.16106762184
2145,113943.30255515268
2146,162180.92179099235
2147,167802.0820949591
2148,138442.61005110026
2149,141008.55198327647
2150,211642.76311572694
2151,155410.80692383225
2152,138204.42720858846
2153,152985.41117846582
2154,91736.26213576764
2155,136622.86929477524
2156,230978.07342841604
2157,221081.4695182223
2158,220841.24415064245
2159,213257.31208466075
2160,180472.72854132898
2161,276754.60145312245
2162,395547.74255686643
2163,335511.49869744724
2164,264480.68147076736
2165,178530.8046304289
2166,127854.95852460439
2167,208479.78420602265
2168,180870.39599508396
2169,199521.05718906847
2170,215524.68748599914
2171,133957.09554449443
2172,136284.63706547712
2173,147720.42727920372
2174,235902.82967701077
2175,324527.4946959204
2176,280651.1048458737
2177,240483.90420314932
2178,246505.75706064812
2179,132529.07439142553
2180,216504.32085656136
2181,205773.62689274084
2182,231853.48196384954
2183,207032.44463297978
2184,121186.19770521758
2185,117292.34083705406
2186,154905.48005126137
2187,155561.38960300368
2188,152034.79369984893
2189,246876.13564062165
2190,76354.62211986317
2191,76354.62211986317
2192,75476.96057981222
2193,92001.12846121573
2194,85122.38996223357
2195,100004.11542094912
2196,103897.15165570792
2197,111823.95700228555
2198,191945.5974253338
2199,183428.7512452068
2200,144002.58001834698
2201,144148.4021928994
2202,214620.6354134585
2203,171786.93475151167
2204,153083.8701046767
2205,125534.03139701585
2206,145357.4230433234
2207,258221.94378296155
2208,223097.0069526352
2209,188252.6702132104
2210,133318.91284064492
2211,125213.3708435935
2212,130022.44537210904
2213,103460.13540787992
2214,135999.07507025293
2215,105399.71005376191
2216,163580.48602570547
2217,105525.95634713591
2218,96395.72388226129
2219,86866.89640715186
2220,83824.356178723
2221,260320.44419936172
2222,219165.51241476228
2223,258619.41609689596
2224,224775.089371768
2225,140964.69726147558
2226,160195.8878598174
2227,207051.59375569818
2228,267018.5582458776
2229,251568.8941415427
2230,124807.6950423049
2231,205193.58309570336
2232,178128.77104910527
2233,168900.24629309733
2234,243886.09556779772
2235,190207.45284649607
2236,270011.94006985746
2237,302301.5332922997
2238,215108.05317217382
2239,107475.98287217489
2240,154615.50793874383
2241,148337.78468930954
2242,129800.60534219642
2243,128359.12383589832
2244,92365.2051735498
2245,91002.60517358239
2246,124516.31258240872
2247,112648.67546590006
2248,102132.85155061932
2249,104134.83357410973
2250,118065.2369433331
2251,145178.13391718757
2252,188998.02541304223
2253,142888.45770360943
2254,157431.5001166473
2255,172462.18368593132
2256,187088.75483697077
2257,198858.32205024618
2258,184961.7367978067
2259,165745.61962024763
2260,158679.08266405173
2261,226436.92844665016
2262,236532.63000323655
2263,295739.5463863695
2264,394429.91002768086
2265,166497.2820972494
2266,308685.0662310936
2267,311917.92535314953
2268,398188.9950607273
2269,165743.79652326106
2270,188253.75291107234
2271,228040.80645337133
2272,210253.09387351858
2273,158625.1876743727
2274,168401.9490480718
2275,194045.07364551158
2276,201348.88215791775
2277,185437.04495272535
2278,149588.91299685696
2279,114299.16383486701
2280,98473.17337878229
2281,171012.50284609065
2282,173031.5242974328
2283,125785.31506618152
2284,135057.15702169412
2285,171136.33669649102
2286,118992.20863236472
2287,331250.6959665604
2288,281792.815565015
2289,315299.7159465794
2290,386225.95250477066
2291,292081.73258458666
2292,411742.83083139185
2293,393103.56694803125
2294,372516.88273224124
2295,445704.98367905075
2296,291194.47727132024
2297,274142.0872381844
2298,336706.16554583923
2299,337960.3953083025
2300,297749.1291164381
2301,260884.54160748183
2302,238628.8635521725
2303,267973.0750158577
2304,277606.0594790244
2305,174828.23347852757
2306,174828.23347852757
2307,170089.78518895461
2308,260235.50204693226
2309,306684.34208587604
2310,240358.90092512956
2311,203427.73343312842
2312,165272.83619000274
2313,158009.25375802832
2314,182624.00462540498
2315,157556.6148272655
2316,162262.06359529693
2317,163865.4166253906
2318,158314.48512478612
2319,183013.77374598605
2320,192193.34597883112
2321,258911.30076861975
2322,189158.0896180494
2323,175508.2732402079
2324,172365.0564096455
2325,214300.6649924408
2326,173259.69635401055
2327,208556.35511042507
2328,210820.5798580266
2329,170781.00947181962
2330,170476.67040293576
2331,323452.469575835
2332,378842.8922276441
2333,305553.44661809265
2334,241643.65712848975
2335,269294.3780435489
2336,310985.63533919374
2337,207537.9586262898
2338,271091.93787963677
2339,251215.55217145963
2340,418440.8175369226
2341,212022.76383112956
2342,251704.59387297046
2343,220219.59668092008
2344,220724.0948761117
2345,276915.8986743894
2346,243818.14133871577
2347,203632.8283301042
2348,250271.51076574618
2349,147279.77462450968
2350,270614.873879329
2351,260379.8348291764
2352,270888.8496743222
2353,224366.91680931742
2354,128113.90242072403
2355,160517.06328991766
2356,137527.2465972987
2357,213057.2823123527
2358,177595.06791997532
2359,136899.32287783193
2360,109802.52866068682
2361,139512.00751560164
2362,249021.42423274033
2363,126062.0847814121
2364,152920.66822946776
2365,243567.40320116104
2366,224775.5826888106
2367,252003.35336518366
2368,199145.7471172224
2369,254818.03603302533
2370,158049.11026173152
2371,161380.76200970018
2372,207412.7168984976
2373,263402.4598931699
2374,309647.0939023832
2375,248355.5081146353
2376,265359.9341806422
2377,327112.6712070518
2378,147990.15765121067
2379,212277.48881543337
2380,149478.27809676278
2381,168995.93534821036
2382,209153.93895547034
2383,216163.53772559544
2384,223758.22740648652
2385,152766.05924114943
2386,140951.32553691286
2387,121142.82270398983
2388,107316.43017715839
2389,122966.38309000895
2390,130007.68602591354
2391,139354.8318672469
2392,110010.2591884602
2393,186748.79527910386
2394,146960.29642881436
2395,193114.42633717984
2396,156687.0010854848
2397,191428.7995210563
2398,119532.2659074784
2399,65943.42835433582
2400,58459.25056448068
2401,103865.6164530946
2402,124903.61991887528
2403,180914.47519866523
2404,132520.71171819538
2405,165243.2865743605
2406,133151.12797072466
2407,117672.38902889044
2408,140721.0435246884
2409,128515.10807484522
2410,186777.32874048006
2411,111735.47682129823
2412,141189.74165811116
2413,133485.54620213175
2414,123031.1654537827
2415,164919.22456011543
2416,138913.13435989
2417,139188.13180738495
2418,109034.35102110793
2419,135483.88794931924
2420,116158.47297929035
2421,138054.80243878343
2422,117689.99932471068
2423,111487.56965372639
2424,156664.21567734075
2425,245217.37949474723
2426,134514.13385127217
2427,116283.42863959381
2428,186494.70480463014
2429,106538.2065112493
2430,132853.48871431802
2431,128132.18270646996
2432,118738.95473826423
2433,130413.85377358538
2434,134657.2350536651
2435,145378.98760479753
2436,91833.28922985942
2437,107004.45592711064
2438,110811.67326275744
2439,125934.74022157153
2440,159365.99670093617
2441,112199.21674822156
2442,108194.62376210433
2443,120157.04812125693
2444,129557.28110456702
2445,98763.58310008145
2446,143978.7027800612
2447,257611.46583608072
2448,161109.06279564643
2449,125243.51351370726
2450,171003.77106250642
2451,124961.2603889092
2452,239245.80797919384
2453,84759.56752328401
2454,107277.6974983894
2455,113922.56258831607
2456,132810.46765918366
2457,116760.09941966592
2458,131282.0501075536
2459,105580.77105974966
2460,161898.2134519779
2461,121508.49242940126
2462,130202.84861609837
2463,126751.77439820179
2464,197865.3768859743
2465,160377.7162297747
2466,138658.26705591998
2467,179719.74244639758
2468,111716.30878967703
2469,120423.85159429145
2470,206847.7482787252
2471,205235.72353983505
2472,211601.7125417428
2473,121109.49883028658
2474,118608.7703462152
2475,231052.21339523277
2476,117033.63664936768
2477,115475.57801301731
2478,161352.33898021618
2479,113583.80233113776
2480,129074.34941099415
2481,117596.43683551067
2482,119796.53108670034
2483,107277.49131882735
2484,124610.36696929237
2485,111408.66661611185
2486,140912.5718096947
2487,199674.14929747535
2488,166848.25770677472
2489,160437.87381382164
2490,128627.1835828514
2491,92891.17418035996
2492,178844.5178885479
2493,133971.85642280936
2494,166461.60110757925
2495,108405.5403617341
2496,222601.59743145402
2497,164241.58626684433
2498,112457.38228116171
2499,82371.5360415999
2500,117458.3691097527
2501,138029.20236941564
2502,136474.8350220993
2503,118904.77041595787
2504,185118.15963732102
2505,211997.51285303722
2506,279381.0913084298
2507,314555.3584228868
2508,279381.0913084298
2509,229676.08505704775
2510,258714.31027781015
2511,196497.06301386002
2512,210525.397759346
2513,217376.8921790505
2514,251650.6885760073
2515,141437.28853232396
2516,149967.9907152591
2517,120376.65952476292
2518,120388.84911685892
2519,217743.46536681076
2520,205777.94941407314
2521,202048.18215736863
2522,210603.66044886626
2523,116018.91732722345
2524,121852.88162832549
2525,131361.29950259262
2526,142731.83069608896
2527,110039.95950312933
2528,115302.76875903111
2529,121649.45813513352
2530,109133.59190680293
2531,227381.73503874592
2532,220712.5885192326
2533,205383.30405650527
2534,254665.95996845365
2535,293050.68381428183
2536,221903.3301647715
2537,238001.05762192485
2538,192015.0799957342
2539,193331.61298349293
2540,166686.25104213035
2541,189109.47237194207
2542,137923.60511251102
2543,116648.83092929806
2544,123468.22350556054
2545,142978.05151231273
2546,165869.67465692305
2547,149880.02326562934
2548,161947.1773500614
2549,136276.70690122384
2550,637667.5976657358
2551,142268.00790563528
2552,118721.10469394029
2553,76354.62211986317
2554,114586.47074870975
2555,117991.00485372139
2556,92808.5031136355
2557,108420.09927621594
2558,175628.99139737885
2559,145727.08156636218
2560,137225.28712968098
2561,153358.26600318143
2562,141508.44698293007
2563,143552.311707766
2564,190337.6457983905
2565,111397.26702591979
2566,133778.71109533522
2567,136119.72021387974
2568,189990.4058721937
2569,183565.85405049357
2570,133939.57493307826
2571,169944.99457979732
2572,216902.71870025093
2573,231150.68442658288
2574,292368.7184117158
2575,159924.30402164196
2576,124451.00337346952
2577,132318.3718748861
2578,93615.89991191098
2579,80331.57650561574
2580,141759.4047252972
2581,132819.24195104456
2582,108919.68735003349
2583,257174.6863948449
2584,160746.29400825757
2585,162985.593124017
2586,208793.266815092
2587,209410.34411771977
2588,162275.01039178463
2589,149233.55123379346
2590,211820.69375558413
2591,197379.45133178442
2592,220696.38205330807
2593,254051.03043281328
2594,195166.0432802513
2595,234469.7385220806
2596,289015.5846627139
2597,184759.67564605403
2598,239592.55330335896
2599,400328.78789717256
2600,171138.49137683568
2601,140340.7096025176
2602,94965.3901764116
2603,92641.34062506573
2604,81826.43429474568
2605,96679.16703054192
2606,135077.75972297083
2607,170822.4509838851
2608,171704.52495968837
2609,138967.53968641727
2610,87041.95945999704
2611,150905.33967504353
2612,137609.50131537038
2613,102132.85155061932
2614,107790.9546066788
2615,162462.56571981683
2616,138781.59264019626
2617,202323.6682633867
2618,183403.21709930652
2619,235670.94997156676
2620,158779.4152203895
2621,165191.07681010783
2622,171702.93314033988
2623,263209.53366213327
2624,260473.87676290557
2625,321015.16573258035
2626,153562.54137560228
2627,227176.0550117011
2628,358337.5584975146
2629,448542.535236016
2630,336686.6116037445
2631,427324.0740314799
2632,357378.20535667485
2633,313701.14759895904
2634,342174.8656807784
2635,156049.63068756595
2636,209929.21701656957
2637,186560.41765542998
2638,232636.20766884048
2639,176640.50195205136
2640,152313.87996718567
2641,111390.2979882913
2642,179782.8863243193
2643,134925.45828820998
2644,132784.7217000292
2645,122351.92186366567
2646,118630.37565644878
2647,125785.31506618152
2648,148824.21072654682
2649,133967.7245047029
2650,171008.5929464941
2651,160163.7914000785
2652,367169.1705682847
2653,277792.62515285285
2654,246714.87787216017
2655,353830.097426141
2656,325292.6811631438
2657,326802.21501108224
2658,277274.79233815486
2659,283752.7490485089
2660,301233.46997066826
2661,340274.3027364036
2662,333785.23950003146
2663,277811.1362495074
2664,305334.0215507841
2665,331606.4648407049
2666,313399.61483348196
2667,153059.74266115506
2668,186866.157322992
2669,165890.78927118098
2670,280953.28545321897
2671,186866.157322992
2672,195402.25714548654
2673,203546.15296790557
2674,204729.4545750147
2675,183298.38748210983
2676,193929.47078984822
2677,180348.18168018293
2678,239081.5103190661
2679,277521.3829774605
2680,285437.76537837187
2681,369898.73673993145
2682,308527.6078231054
2683,412892.0874133586
2684,301472.83358339407
2685,310537.01641473774
2686,271944.2617147614
2687,283875.1523558402
2688,250707.6909656121
2689,238949.0527187702
2690,375410.8621908473
2691,179142.68537508667
2692,131013.32466164116
2693,210041.53679914156
2694,130253.95216997237
2695,200281.40726506698
2696,192753.04088325106
2697,190248.96687507263
2698,171270.09554760694
2699,176833.480071952
2700,161326.25823814288
2701,149131.38980713446
2702,132702.42346540742
2703,156348.1252459361
2704,138216.36167931597
2705,116119.44158368162
2706,109536.13288167845
2707,121082.72163196364
2708,118776.93083495411
2709,95049.88755395864
2710,111391.03945214674
2711,270737.7972616955
2712,321970.0194598166
2713,191053.45087260366
2714,173469.5719086597
2715,159330.42245708397
2716,166904.30689536035
2717,192082.64656434197
2718,257930.22031480732
2719,139615.02662658726
2720,198474.39653677755
2721,130819.64099358188
2722,157946.47463282692
2723,145727.74992317572
2724,109629.560862216
2725,118355.80932717944
2726,140356.377097064
2727,167694.64936070156
2728,167010.5729536501
2729,136761.99393505073
2730,133097.9982170919
2731,120972.11702949638
2732,116035.41648669116
2733,150043.92705101398
2734,152833.51709028592
2735,127170.818813386
2736,137492.32868744858
2737,109170.53192945659
2738,167718.55517196452
2739,161095.1370880695
2740,144093.81877149566
2741,139504.12912359816
2742,165171.53407362424
2743,135604.51133569304
2744,148102.9342058198
2745,139514.94201257132
2746,116218.27533447681
2747,152744.08069126855
2748,128687.41035443754
2749,118036.54639163028
2750,120570.55339153469
2751,107138.75001804998
2752,239817.52254723295
2753,166309.26842926053
2754,249187.1357925177
2755,162730.64717770764
2756,88455.02636062828
2757,103601.62471801252
2758,78170.76538011963
2759,164918.77454662853
2760,157273.34642412397
2761,145216.34452953213
2762,147677.81558185414
2763,186487.84479082888
2764,177024.79803842964
2765,248704.69401979918
2766,140670.39082907618
2767,90392.89584894101
2768,139507.69524802125
2769,126436.54491883863
2770,181172.17439386307
2771,109185.62646873106
2772,102850.71405928329
2773,169831.29683817085
2774,147332.85781256857
2775,130226.92502378125
2776,154294.11725864565
2777,191367.78354312296
2778,147596.7033647825
2779,159163.78012787868
2780,137960.73668908962
2781,101573.03337795025
2782,102288.39927636259
2783,108604.6181130211
2784,128276.7089715155
2785,143082.88850984292
2786,64318.062602062135
2787,142844.79959881952
2788,90044.27223113546
2789,225312.595165457
2790,101201.88713639035
2791,130769.47530479601
2792,90381.41581349446
2793,165043.62065443984
2794,101728.95523995992
2795,116916.1718241951
2796,99328.48942567877
2797,229468.41433864506
2798,117942.12970090075
2799,120269.37486630707
2800,84179.99768131999
2801,136101.22496531223
2802,130045.06449127139
2803,214703.89984373184
2804,130851.37171636792
2805,94864.51040523095
2806,101076.4032037791
2807,168460.12034645161
2808,132963.46437764887
2809,133635.2517657881
2810,120050.59813296482
2811,153327.92799101677
2812,154259.12192512563
2813,198001.53941842093
2814,197070.52567825938
2815,109010.84052455609
2816,235745.40020524053
2817,130986.13085473134
2818,117325.49203968288
2819,190361.08085423263
2820,132569.86409395462
2821,113058.56246796531
2822,199639.45309965324
2823,298937.81484296854
2824,171803.03536551254
2825,132682.61014877082
2826,120016.39567109355
2827,162867.4383486965
2828,211605.7615225464
2829,197319.5371875019
2830,239643.91227728938
2831,197825.68776524442
2832,205106.91069040267
2833,268890.3528673903
2834,216028.11128499443
2835,222945.20870528277
2836,201290.06632610032
2837,175104.48880429537
2838,132021.12973303144
2839,160696.05301798295
2840,210676.79810030584
2841,204408.2169498946
2842,212239.87036516186
2843,145050.30174289708
2844,169466.38475577123
2845,107160.25382294066
2846,208689.31140193244
2847,175863.88525183074
2848,235638.0385964986
2849,212545.67329736816
2850,276084.6400480949
2851,220438.18555500204
2852,220214.88947636253
2853,222044.81134180567
2854,132529.07439142553
2855,205871.71183014775
2856,207340.8269020241
2857,199942.4376606085
2858,199910.7800611191
2859,127655.3964693874
2860,121272.45998739218
2861,131970.5748536128
2862,207329.90104614667
2863,115273.6039252339
2864,235717.75693650972
2865,142268.00790563528
2866,199140.2442459593
2867,91210.56602995045
2868,158228.2743916075
2869,135796.1779859407
2870,144048.11972310476
2871,104548.3338487364
2872,73524.70760455288
2873,108215.15175908798
2874,138160.99618330074
2875,152453.85735405958
2876,177279.39175567322
2877,147013.83942778516
2878,187165.23471757112
2879,132770.3461021478
2880,120797.17032946613
2881,156413.97594291274
2882,150976.06732581934
2883,203264.6020257595
2884,198146.73692760547
2885,167759.53147700743
2886,178999.69729196967
2887,110633.57064603217
2888,155582.32173615444
2889,62635.41793748876
2890,79730.79407670764
2891,166869.15697382117
2892,54771.696091082704
2893,110768.82346340847
2894,67085.22805593659
2895,264479.4017904067
2896,260182.37647360377
2897,194269.87643155397
2898,199039.50236156792
2899,248771.5981093185
2900,161382.22575353886
2901,192600.39910082368
2902,172971.1061364374
2903,287841.96435498685
2904,330830.2308666042
2905,135649.96245694679
2906,215061.61588131008
2907,113274.80898615016
2908,107170.29251424545
2909,194328.42852782604
2910,64845.74569644942
2911,94965.3901764116
2912,137976.02245683508
2913,96679.16703054192
2914,81826.43429474568
2915,81826.43429474568
2916,96679.16703054192
2917,146501.64877156602
2918,97818.99535096897
2919,226012.93579312466
