Id,SalePrice
1461,156829.87250214996
1462,164479.96707891257
1463,184607.38633672992
1464,181517.51516890834
1465,178944.65136557032
1466,174432.9090971752
1467,158175.15603900622
1468,157448.49677270188
1469,183834.28240226107
1470,134649.85684394636
1471,189742.71623820957
1472,96426.35598613023
1473,111539.53324491659
1474,164754.79470593418
1475,106750.74233800881
1476,292257.7857129041
1477,247256.18334745878
1478,250817.9513766559
1479,259829.50249362848
1480,398590.36455453694
1481,290798.7321146911
1482,187121.25049732596
1483,176161.66814561875
1484,156079.55463277426
1485,130390.17730034186
1486,183050.76013449702
1487,326017.52894625487
1488,254432.2514037573
1489,189403.86126848997
1490,203086.83830822833
1491,182430.07956667553
1492,129260.13963087427
1493,183786.9801984838
1494,277976.94478632446
1495,271615.43523138104
1496,203125.61360829705
1497,195124.56223696173
1498,139196.79327436298
1499,139196.79327436298
1500,141717.2312123342
1501,164097.4722816707
1502,129221.13735787221
1503,242975.22330576467
1504,213545.03225323567
1505,212943.7480263436
1506,245782.22292553989
1507,280013.6523349923
1508,236537.21602153528
1509,170012.64712142132
1510,171701.653147178
1511,170482.72588741916
1512,206826.3739956053
1513,171893.00104172862
1514,178441.42775314828
1515,238251.31232851854
1516,169729.4173453819
1517,138846.7222460031
1518,223885.7959540696
1519,214042.8567559078
1520,142440.9125712642
1521,150180.64806037702
1522,188917.23901926473
1523,136965.30917319274
1524,123555.05093973907
1525,122249.60096626883
1526,119848.81106884536
1527,140351.22668298305
1528,130080.75482751487
1529,164451.59839476962
1530,185454.98170495915
1531,161040.23792833625
1532,86367.76382891944
1533,191410.26927544567
1534,128322.80994850368
1535,164315.9492016383
1536,143678.83855590815
1537,147067.0650488219
1538,160127.9438988883
1539,211137.14276405735
1540,172195.36108662342
1541,178476.4050556159
1542,173511.40680395326
1543,205923.09642685959
1544,87272.92478410051
1545,109864.26331230495
1546,145538.97782540528
1547,141939.71354421048
1548,145183.91421741262
1549,139481.12623459127
1550,177888.40797667357
1551,134650.82016019968
1552,215424.85472741027
1553,122841.53080291805
1554,119568.28127862452
1555,196624.67246929277
1556,113546.96321348046
1557,131056.23034085543
1558,93646.42089818405
1559,140396.09797549446
1560,180926.00160755662
1561,190531.9088745117
1562,122981.0031221977
1563,107096.01358652132
1564,195689.76501996064
1565,161548.80820763516
1566,218282.85724608036
1567,106012.60457667988
1568,222148.43397404492
1569,184506.9808678649
1570,128870.46497811552
1571,138339.3827425655
1572,151839.8603187278
1573,212309.65780144723
1574,178251.5521124809
1575,199017.92639238486
1576,253016.60909162485
1577,183529.54565409
1578,159123.2157877232
1579,144912.81777271404
1580,189823.18425014112
1581,128839.1213097304
1582,129691.4651708499
1583,295840.06792124175
1584,237037.76548254993
1585,119785.23098866138
1586,42526.89686854631
1587,93215.92486460245
1588,151512.2660422751
1589,139896.5371299495
1590,136823.54783099625
1591,89157.87485692637
1592,145089.3145914712
1593,118532.87428487532
1594,156653.04315610987
1595,135534.46086640182
1596,232233.11834410008
1597,227468.74455596326
1598,158400.17508628062
1599,157114.32113306152
1600,171196.07739042758
1601,57893.33951678887
1602,148364.28266126598
1603,111996.43455614033
1604,220675.7361063867
1605,237309.41639845312
1606,173840.84259567692
1607,291454.11043230846
1608,202084.62819219072
1609,172726.77518063236
1610,135291.02884639706
1611,168844.73292966367
1612,208645.8194881546
1613,205091.1792670129
1614,113706.7035320311
1615,79255.10168303733
1616,79255.10168303733
1617,108977.2255855519
1618,115204.00351560273
1619,125835.67485730594
1620,268070.73397871014
1621,155464.1695238228
1622,149633.87747612016
1623,230592.24822251068
1624,220653.49172120323
1625,132259.61611052736
1626,199134.1810185518
1627,182676.17059192582
1628,249683.26563003688
1629,145537.0688419
1630,312497.1200662102
1631,197597.6143552457
1632,226115.9476382592
1633,130482.34346355582
1634,181842.5031344515
1635,158890.01152689484
1636,160100.20408228473
1637,225079.02282312038
1638,212124.72915348582
1639,209009.8958292766
1640,255055.73289000476
1641,195328.760076241
1642,211984.8109201075
1643,218787.77878271055
1644,208009.91999263724
1645,215677.6206043399
1646,162165.20989745992
1647,167917.51548145027
1648,164305.40695456386
1649,134163.15627759582
1650,137857.37259052243
1651,137857.37259052243
1652,96426.35598613023
1653,98920.5202296979
1654,168837.5483583608
1655,146035.81862085246
1656,164754.79470593418
1657,168837.5483583608
1658,164754.79470593418
1659,110595.91221350897
1660,162183.9816809029
1661,331977.76873321284
1662,318797.0297733097
1663,305503.2436870919
1664,365245.0029618806
1665,266043.67222646007
1666,281575.88902470795
1667,290228.7674145251
1668,276307.52142813697
1669,226835.69103142875
1670,274250.8146576696
1671,242748.9822071552
1672,354686.0070897302
1673,271309.4988161029
1674,254346.10144962312
1675,185726.1949833225
1676,194230.24584345214
1677,185296.5557326896
1678,365883.37327577354
1679,304501.21575577825
1680,264023.50752166886
1681,202566.41687421445
1682,249431.73434868234
1683,190566.6213522775
1684,153685.8266231412
1685,157060.20909231875
1686,160641.71118934985
1687,130390.17730034186
1688,177122.36936143698
1689,173376.75025625562
1690,159353.45739128755
1691,144628.93651331225
1692,224955.79452288037
1693,130390.17730034186
1694,161027.66754356073
1695,134086.985184012
1696,261887.33314914012
1697,135126.22028549854
1698,317054.8583443856
1699,299989.8969433948
1700,238387.35157808333
1701,252493.9170339756
1702,275734.93158029584
1703,243389.05641090218
1704,263130.2500382701
1705,194623.37633757532
1706,347928.08645801555
1707,199470.6137810344
1708,205494.61346562853
1709,257683.74575836508
1710,213723.62856825578
1711,226044.50784176597
1712,244725.38212603278
1713,244121.18907852995
1714,219203.8921413387
1715,196096.38527517673
1716,179011.51025362473
1717,160498.94110509314
1718,112176.2908379836
1719,192434.72156324584
1720,241145.79457669717
1721,166921.02913226132
1722,107061.08728663753
1723,166921.02913226132
1724,228014.36767587272
1725,226431.8570170439
1726,191153.0792390668
1727,188731.13829160348
1728,171681.12103582203
1729,154990.62687150625
1730,165723.71928957355
1731,133052.37143972644
1732,154069.4401737122
1733,123723.7752103057
1734,126277.94297507207
1735,114754.70584550823
1736,109766.37735837293
1737,301480.16360533325
1738,199967.10222336825
1739,324731.7671802302
1740,236510.00769420835
1741,184222.96960510017
1742,164097.4722816707
1743,163585.76028302024
1744,241207.66397890664
1745,235955.1787474241
1746,217237.19118784508
1747,234541.45823024542
1748,256474.36188368808
1749,182461.38088652788
1750,153837.35856561424
1751,230724.96959260834
1752,110421.56591127819
1753,205567.03203184248
1754,227474.88106468777
1755,177725.64604365165
1756,122638.77954877366
1757,110005.8718706836
1758,198412.51053223398
1759,201782.0332949768
1760,193589.0990845397
1761,181794.6360216549
1762,218233.4068842337
1763,179251.1707813624
1764,123452.63320598169
1765,230707.18319710958
1766,201550.8659360213
1767,215782.45090919253
1768,141613.47263238856
1769,177886.09988808873
1770,123278.28690375091
1771,148884.24147451998
1772,174590.55565141
1773,147612.49712069953
1774,245926.7036877711
1775,131881.12924010563
1776,130879.80296135455
1777,94684.99472272137
1778,121314.36064897027
1779,117255.47699201122
1780,158632.95976084544
1781,142624.16863356423
1782,107663.10237528464
1783,178294.71183444522
1784,95898.49338729888
1785,129022.8096719727
1786,259560.3147523892
1787,183856.9364200766
1788,37361.95695242814
1789,128997.97112204929
1790,89991.59485399506
1791,307633.59666480223
1792,175812.97554115724
1793,148341.52982163598
1794,137994.86809277695
1795,138023.23677691986
1796,97484.62670120812
1797,187395.00577729216
1798,129128.0115601536
1799,87593.46252653709
1800,109835.91376940187
1801,158221.56235419176
1802,180542.5596488027
1803,188670.07797331843
1804,145561.89668359418
1805,126475.32476036184
1806,132828.76103950874
1807,192275.97198431686
1808,124885.81492650218
1809,101417.20794318631
1810,158780.7737935613
1811,120650.91804177008
1812,115901.24784997557
1813,138052.24012709744
1814,107578.63778920968
1815,47842.30340319502
1816,90430.7208102505
1817,188238.73492025962
1818,196281.87584008652
1819,125384.48302480069
1820,62105.866673695506
1821,147093.98071545528
1822,184527.6115184181
1823,40563.26249804351
1824,144458.52500490297
1825,136752.3035922255
1826,109762.61563491673
1827,118782.9217304952
1828,158002.95660480703
1829,225223.82900362986
1830,209656.98256466718
1831,162702.02745778894
1832,174273.28304389093
1833,175632.31175057136
1834,137257.60139113278
1835,155536.84233382434
1836,189776.2517427104
1837,79426.59346238364
1838,139648.28328631434
1839,74526.35627949733
1840,117058.98513699573
1841,137667.48763844228
1842,105184.34486242307
1843,169274.20524358613
1844,119096.73044997593
1845,164560.70016178422
1846,159734.48318599764
1847,186318.75065228934
1848,18836.24882962663
1849,115813.60432641741
1850,137628.64106433417
1851,150706.07850843229
1852,130343.44618992406
1853,127148.190285327
1854,148536.31944416254
1855,149031.45201644683
1856,208157.72762602326
1857,168946.27081239113
1858,200052.3006902593
1859,115136.65774720191
1860,183016.80576130192
1861,113760.5639107693
1862,311905.8104653106
1863,311905.8104653106
1864,311905.8104653106
1865,284413.046955162
1866,265430.68032957264
1867,242162.0781241216
1868,245685.35594940727
1869,195889.62595979674
1870,207514.77817041983
1871,239414.30630021112
1872,155391.76945313046
1873,226038.5357915698
1874,138371.8581073421
1875,203648.7237890287
1876,195658.36102515776
1877,204690.81549522694
1878,214190.83014812742
1879,118642.1436510655
1880,129952.2005592481
1881,290513.8714187829
1882,239083.3513447981
1883,194326.01627377703
1884,215314.5597464517
1885,204851.8816919161
1886,244096.65673961438
1887,195391.15270118648
1888,246682.47032462165
1889,149132.1768871579
1890,160414.22636891797
1891,128543.15999288482
1892,112648.0095064709
1893,141280.42397658937
1894,172628.6964448005
1895,169419.6976386926
1896,127328.24686816198
1897,130783.4641601487
1898,109696.53282983284
1899,144164.23660683533
1900,113408.45524042973
1901,171832.50809632923
1902,157450.0904628198
1903,232908.08874794017
1904,147358.74699227806
1905,207143.49038209277
1906,164784.56061851542
1907,226986.56888434023
1908,120640.5245369102
1909,137553.06688734386
1910,137553.06688734386
1911,190281.81954462445
1912,279575.32135644625
1913,223090.3289320377
1914,64835.78193387808
1915,216439.53442232855
1916,57317.289646926045
1917,239627.67811273754
1918,120393.45187752825
1919,165673.13751533531
1920,232117.9975105592
1921,303578.7461032026
1922,260299.58175818052
1923,207874.02246684226
1924,218476.8291541298
1925,210043.89328412703
1926,303114.7136316474
1927,134644.7248100228
1928,181552.1182228876
1929,105010.4155754929
1930,111001.04796388818
1931,149791.10887772907
1932,142240.73028787348
1933,221390.68863724364
1934,181517.51516890834
1935,155564.06409809296
1936,181725.36218920565
1937,174565.90498238508
1938,178501.55782392315
1939,226998.63999403283
1940,178944.65136557032
1941,182786.08761812738
1942,178983.16475327898
1943,180998.5306105461
1944,277574.79823611886
1945,266205.9012347905
1946,208840.265430324
1947,234234.2396349425
1948,227235.86796278442
1949,227964.6922826801
1950,186180.5217759072
1951,273801.63422573847
1952,241981.03165807133
1953,166246.52420336098
1954,201581.57381492792
1955,152722.89647566853
1956,378607.7694490322
1957,194580.9342220455
1958,280325.3842637805
1959,194331.76344310094
1960,116297.73475173133
1961,137857.37259052243
1962,96426.35598613023
1963,105571.62487921164
1964,125277.82974320519
1965,166833.2649089072
1966,145928.40880819422
1967,255519.0290173032
1968,329084.68851751264
1969,277619.95292716107
1970,343830.39989126526
1971,367222.64844086324
1972,310373.9110691457
1973,235750.51003619502
1974,272310.1477496442
1975,350188.8287877083
1976,238230.21675563275
1977,308666.5493687277
1978,329832.2567032504
1979,284468.38074288284
1980,186772.48661882506
1981,284915.55441749695
1982,190725.07263446227
1983,190725.07263446227
1984,175982.19812008695
1985,211482.45909213714
1986,220363.6314968436
1987,161515.46965138786
1988,160770.00633734497
1989,178387.42892676094
1990,200867.761375388
1991,185296.5557326896
1992,200023.55603263542
1993,151125.22964175107
1994,229644.51708382767
1995,178023.16020762856
1996,239309.9606934209
1997,271153.13183309825
1998,306951.54859509924
1999,235391.20482912168
2000,288066.38921574363
2001,262475.1782224457
2002,227722.12734353982
2003,258296.12033373548
2004,244370.47024011618
2005,197168.47281175735
2006,197678.46064815772
2007,239125.6298719059
2008,167164.23009667834
2009,191233.06310310552
2010,182271.55701045148
2011,114152.61948282184
2012,162836.36474445052
2013,179629.66572139316
2014,185404.43529628761
2015,182232.3741878629
2016,198366.39064202525
2017,190348.8584008204
2018,131854.61378201586
2019,121645.30500733267
2020,113028.49215102443
2021,106680.3195459267
2022,194096.5280673433
2023,189654.6200665445
2024,254318.68034252373
2025,324315.4574120874
2026,173195.53177480056
2027,139196.79327436298
2028,162885.64436985546
2029,166036.00106353042
2030,218131.7311698066
2031,186485.3070463764
2032,203625.77223496663
2033,208860.86559054666
2034,154848.55960699962
2035,199118.9908601141
2036,182853.85009279018
2037,184324.10555660675
2038,274143.26131136913
2039,170681.0857414522
2040,314909.3872661383
2041,215815.14259275855
2042,197178.42595884405
2043,197073.31651359933
2044,233045.3204632618
2045,225953.7169930382
2046,216766.18016989966
2047,162744.77459947582
2048,144250.74100442827
2049,238301.3695987721
2050,180695.03950862674
2051,68726.42686191392
2052,153930.59036367977
2053,134961.9124705496
2054,80299.60578953348
2055,187494.95278348605
2056,119337.4222593432
2057,130417.36161199457
2058,217672.57970650395
2059,144614.5390723953
2060,184532.038273229
2061,196505.10618673067
2062,145805.16892205054
2063,96331.46162626448
2064,177574.1155355248
2065,131390.6994699076
2066,199233.62424311618
2067,119172.1160853518
2068,239900.85077712382
2069,72439.30923371065
2070,123170.62236295879
2071,87684.9836466281
2072,271275.95597981155
2073,130493.76159480674
2074,181521.64079127772
2075,144898.01219273763
2076,139252.4281045259
2077,155889.45585857617
2078,128020.06434455948
2079,164963.05882699133
2080,118468.73322275869
2081,131461.68485501147
2082,186811.7608371691
2083,172219.86081092857
2084,109836.72887641573
2085,134845.65784438266
2086,90742.04945390146
2087,146564.36099296043
2088,138509.6100409132
2089,82280.96111889818
2090,145164.0987909517
2091,127441.58254972089
2092,174066.17592749916
2093,165861.2355445182
2094,91791.26380251779
2095,205017.90472021443
2096,80402.3938449043
2097,84796.41535253034
2098,214614.38425222505
2099,55734.34910074969
2100,100942.18687458831
2101,171720.08126888116
2102,137065.32044987768
2103,94055.27061998115
2104,224903.04779017382
2105,109494.57269658681
2106,128589.34838936228
2107,248491.97732809006
2108,123956.42701071827
2109,124598.28224519562
2110,133112.28001386122
2111,147694.52457184086
2112,170633.00572435508
2113,117090.73847927299
2114,112913.98705214041
2115,164673.00972967682
2116,126330.77272409125
2117,190348.27398641175
2118,129617.15028144102
2119,110819.32863464809
2120,125708.06300206392
2121,62696.5655529807
2122,125157.24083225199
2123,45137.063030006684
2124,203600.6853706627
2125,220502.95256739692
2126,202300.8209526322
2127,211303.16947770785
2128,150490.15567055414
2129,112563.33109827797
2130,152614.77043537577
2131,215797.2012461986
2132,151392.11541891127
2133,131713.7681978516
2134,139360.05882146364
2135,109109.525693626
2136,94405.95756782513
2137,124597.81290166388
2138,143205.24013659696
2139,150541.45117061838
2140,123431.5348779728
2141,118774.50101200127
2142,130353.9953539285
2143,157496.91511813784
2144,160245.89663909707
2145,120334.92790152211
2146,169459.44815948326
2147,203318.06638379788
2148,161716.37074793165
2149,175277.66079398344
2150,204400.9218661452
2151,104980.98171517116
2152,157357.6604504925
2153,186445.0348904511
2154,77997.43074489864
2155,124214.02231143354
2156,288060.4327351526
2157,220789.69255160054
2158,214049.77858776032
2159,195593.704042429
2160,151829.17396041896
2161,255094.56776471803
2162,381969.33004137786
2163,272882.6778224781
2164,231588.60090927387
2165,189320.3201563468
2166,147517.12700042353
2167,200391.8123043401
2168,203792.87087713036
2169,184662.44229926314
2170,213154.73179720313
2171,152259.45725311904
2172,162503.35333791704
2173,167133.28077777007
2174,245966.63603380835
2175,251895.52161377954
2176,259059.86657648534
2177,254617.8923302263
2178,198289.50239648996
2179,119785.23098866138
2180,266158.28744869184
2181,194385.41831776648
2182,243969.40632277064
2183,198632.27207726246
2184,131939.29219020877
2185,119034.18073013809
2186,158455.68229816112
2187,159010.3619087463
2188,152786.62827001675
2189,281341.63384997565
2190,49610.710989846324
2191,49610.710989846324
2192,68697.0606515422
2193,78328.08323794423
2194,50224.65377428522
2195,114371.96675417922
2196,107628.67262070386
2197,133197.5661252341
2198,164997.99492426764
2199,206252.83807417945
2200,137608.41461218867
2201,138878.11807183563
2202,139019.54301440006
2203,188026.02074072784
2204,179328.68053629526
2205,137653.0765089925
2206,140136.918375934
2207,215687.09716203535
2208,217028.24224204023
2209,248503.69311347848
2210,121679.7596383967
2211,103313.89700484066
2212,111804.4102374505
2213,97637.15142320558
2214,148786.4212999688
2215,99937.793173416
2216,204649.05868242634
2217,74013.12782018303
2218,95200.271185102
2219,85372.92522869163
2220,89060.95070119541
2221,220908.2453587206
2222,216207.02516999465
2223,285155.37106955436
2224,231857.7979285966
2225,151930.336804072
2226,218319.10955989285
2227,193230.56579163863
2228,237108.1269321448
2229,208319.33987275878
2230,133671.24575736388
2231,196435.1005185631
2232,196872.5973013574
2233,183637.03306826635
2234,193062.73540585287
2235,217003.31532400145
2236,240859.61841778882
2237,298577.29058114777
2238,215275.68326158082
2239,104503.48551096453
2240,156518.20022743096
2241,205393.96876335028
2242,150316.07651446038
2243,138374.61319661877
2244,101914.26981858174
2245,98477.15581351866
2246,136593.01160105297
2247,79255.10168303733
2248,99853.015368129
2249,103224.39952697072
2250,129860.15265279255
2251,164285.49336609343
2252,216609.36829165005
2253,129976.43939723383
2254,151672.62219359993
2255,186926.4805536758
2256,161883.74086187195
2257,231836.17500419542
2258,158175.15603900622
2259,174956.12992129527
2260,167916.59062559335
2261,163802.75907656437
2262,180941.42965818316
2263,284235.2350258165
2264,382004.82581796905
2265,211748.29815084612
2266,222737.36276043218
2267,311755.02125264466
2268,274074.5298184635
2269,176707.65860637315
2270,164926.18898714846
2271,232652.25655258977
2272,196457.1944562995
2273,164538.34850684003
2274,179473.1195966594
2275,239238.35830395255
2276,187114.14121106526
2277,209807.7682544823
2278,176036.11554611564
2279,122054.0137879505
2280,111869.50979338257
2281,186090.78260783004
2282,190885.87484984475
2283,105719.81667659205
2284,121338.99125931796
2285,133675.89351818195
2286,129825.46804311601
2287,263139.66969979974
2288,263447.29515071824
2289,320974.1342937572
2290,360951.9523814997
2291,276651.35537373804
2292,303862.58565564326
2293,371091.9511732638
2294,333903.55182484264
2295,367393.8757633686
2296,277031.5017388698
2297,248414.94069391227
2298,274651.78914481704
2299,358503.4181119284
2300,291189.44437052094
2301,226659.34925411624
2302,256433.2422806322
2303,235201.26999233302
2304,256595.38081170915
2305,194492.69190982488
2306,194492.69190982488
2307,183697.04924442264
2308,223373.16366330307
2309,219499.83892577796
2310,188632.48936345705
2311,190566.6213522775
2312,177250.0905168742
2313,162175.7333690518
2314,154927.86025574506
2315,162074.90117560912
2316,168445.14021415307
2317,172029.38997170926
2318,163352.40511722828
2319,154725.06172462774
2320,171169.95626740725
2321,217925.8482513652
2322,165054.11240169193
2323,137804.740954966
2324,130390.17730034186
2325,209531.31946570004
2326,131715.7961481568
2327,198207.29910752948
2328,201850.86714753465
2329,183933.47486879816
2330,183823.15468140127
2331,334549.05191166105
2332,339959.9889525991
2333,301165.4691606706
2334,255867.59418604017
2335,236546.59534116762
2336,313401.5800021422
2337,199579.74059914594
2338,245360.8979327464
2339,205649.96012541556
2340,319594.5018632122
2341,205073.78739111032
2342,206652.0276933745
2343,221825.04068802926
2344,221029.6755768534
2345,255153.67531396257
2346,195248.38261692977
2347,192509.37800500987
2348,205763.3495594527
2349,180559.6252474521
2350,244790.54322977806
2351,222894.27755011513
2352,241824.14850578253
2353,279461.0143411657
2354,105433.52252030018
2355,110432.47144547926
2356,164595.93660892223
2357,207785.89230665454
2358,195641.5304982361
2359,124731.93849805836
2360,113493.51065569225
2361,169749.7729122584
2362,267603.07502546377
2363,142900.51394585115
2364,155937.85287373656
2365,193871.00407498615
2366,161124.43830347157
2367,206059.4495769211
2368,183158.04404364497
2369,212619.71765391863
2370,162675.41714623544
2371,168271.2025568577
2372,199359.01669402936
2373,226909.35526075575
2374,314173.4487402392
2375,200913.28308113656
2376,289555.3310056825
2377,336160.1515081782
2378,141406.07174324009
2379,249253.89929681574
2380,147370.3893307751
2381,182974.78798134497
2382,192143.4051160557
2383,211915.2046369402
2384,225496.20115041686
2385,154918.71904907926
2386,132173.5121205172
2387,129770.3708292543
2388,109193.75119695693
2389,133897.72911958577
2390,143927.3347179296
2391,171098.92531813768
2392,113909.20469628688
2393,161389.0020378459
2394,144417.0986680238
2395,223449.28872908241
2396,153905.4168482576
2397,219384.77196052574
2398,131702.8495480512
2399,54979.014763841435
2400,41033.99885389863
2401,103495.61280533408
2402,137309.4714957639
2403,241218.07059483248
2404,145100.02223229315
2405,175963.2011502059
2406,119103.66952574495
2407,126746.53803872521
2408,171884.62411332072
2409,145467.02548159342
2410,204903.24061060115
2411,116748.64018836702
2412,162688.08379417972
2413,153837.35856561424
2414,131055.14890782087
2415,209209.62946904753
2416,130371.45850387041
2417,128907.83342383799
2418,111277.68749854332
2419,178101.1389437979
2420,125511.72208639912
2421,169015.32664486955
2422,128620.58257735
2423,127866.8096582646
2424,193320.90987196367
2425,344325.7763479229
2426,183023.2339860823
2427,118874.60954397058
2428,153038.8332637376
2429,107447.7412111137
2430,118157.80877040263
2431,138491.71908732157
2432,128180.3688527974
2433,148697.49278223157
2434,155612.89672417124
2435,174113.20603072384
2436,66588.97763125125
2437,108550.94272860244
2438,114149.53849856692
2439,143110.27700634798
2440,167067.30973571268
2441,115487.58754662966
2442,108677.88906685251
2443,127387.30806307943
2444,151052.5308579636
2445,108558.91437688786
2446,188083.3345376514
2447,218569.26878552194
2448,163657.29835060192
2449,142177.06193213258
2450,184045.1688041417
2451,139316.824000481
2452,243416.8186587104
2453,72500.2443988868
2454,103903.77444963317
2455,117540.07917059254
2456,152109.97126977757
2457,123692.30991872141
2458,114045.59982261763
2459,105264.16570391432
2460,170886.94661400412
2461,128589.05753681876
2462,145605.20845711677
2463,140488.348630068
2464,229328.474655354
2465,169383.72388592412
2466,162664.1170933748
2467,150113.8379907586
2468,109450.18891434337
2469,129804.62509573111
2470,235167.0650616728
2471,190422.951395043
2472,257628.8014929531
2473,152070.11637761595
2474,143831.2985103843
2475,232580.74485515835
2476,122534.58639092874
2477,121726.0833348684
2478,204080.8417335662
2479,140115.67749984644
2480,148856.56953226778
2481,125894.05162952706
2482,132951.90046227918
2483,108141.83705474107
2484,142053.15957057662
2485,116313.55849773803
2486,163720.67613979775
2487,254011.25963796844
2488,122552.44387594008
2489,162076.37823969388
2490,144791.00937010648
2491,87782.86880319833
2492,194028.7234635468
2493,142257.06105602355
2494,204581.1996499474
2495,116151.65984848916
2496,252988.46438414376
2497,171583.37099299973
2498,119462.91129421096
2499,68546.26066952168
2500,125661.54237719314
2501,160171.56065075845
2502,157405.9440420284
2503,145723.98027618183
2504,209734.1256422849
2505,200652.35027699306
2506,259473.63611698744
2507,319245.95180682925
2508,259473.63611698744
2509,240006.1998690897
2510,221389.06485765392
2511,179652.7282865765
2512,203940.18209170355
2513,215847.25636776956
2514,193432.07179657073
2515,173996.52376032097
2516,150061.20600745582
2517,132552.14153901758
2518,130234.24809777318
2519,216416.10592347308
2520,195224.73272572368
2521,188677.32697196046
2522,202571.49180004973
2523,125600.26680544106
2524,134629.07524948881
2525,153962.42469612346
2526,176193.03054147484
2527,113339.96869966024
2528,124662.02100787338
2529,137857.37259052243
2530,128617.14291968988
2531,232634.82973063004
2532,221384.63534969548
2533,194699.52607682857
2534,210996.4008785421
2535,277307.47785033373
2536,217344.89644957654
2537,183542.01931818694
2538,172384.10317832892
2539,174836.42470833592
2540,177586.66047366106
2541,166367.48696237523
2542,162175.7333690518
2543,126274.39172600198
2544,158078.69228359594
2545,173664.26798334037
2546,179258.06129995146
2547,149283.66468179383
2548,185853.62081549875
2549,160891.12497790265
2550,689798.4847688327
2551,128543.15999288482
2552,129895.89083519814
2553,49610.710989846324
2554,116477.71200616093
2555,90484.46340393192
2556,103729.83273564251
2557,132869.04410338713
2558,218955.19501598834
2559,172359.54008294293
2560,122668.76445412595
2561,101160.36792264965
2562,126852.29232711025
2563,134946.3249019528
2564,164503.07516842047
2565,95808.79431730781
2566,165197.86946302393
2567,160717.24412096138
2568,219186.28644331815
2569,207906.09507513506
2570,122492.90599628867
2571,238125.17007048812
2572,148170.94059134202
2573,239673.47355871345
2574,234858.78439315496
2575,170737.71353099143
2576,132925.85351644387
2577,144638.56250067512
2578,82809.55970375001
2579,58542.16684437213
2580,160627.08125700854
2581,177119.57492082208
2582,107564.18808390632
2583,215116.68365242108
2584,163070.9569736944
2585,209561.6953678017
2586,201216.14385151322
2587,200674.14959472886
2588,118143.12039370782
2589,148694.81878800373
2590,205260.46480935943
2591,199430.35362815607
2592,218906.3772270035
2593,210578.5828424671
2594,177923.4062003902
2595,176610.75576290008
2596,272909.89425240515
2597,210229.40564646033
2598,250282.04518375767
2599,286458.5833237201
2600,212963.9379515727
2601,133313.29999603378
2602,105547.74975064637
2603,102379.28832324958
2604,79255.10168303733
2605,108977.2255855519
2606,160633.3197557522
2607,184051.37066866888
2608,214521.05434653992
2609,166103.840060774
2610,70092.11616554567
2611,199247.47097734385
2612,161944.95369898446
2613,99853.015368129
2614,109366.04522398097
2615,168668.02772986575
2616,128266.95110687398
2617,276874.4540925806
2618,213222.340184146
2619,245326.04290690192
2620,163486.51030972064
2621,174618.768365766
2622,185898.21433675426
2623,226490.63538250842
2624,291365.40001652844
2625,325125.94368775864
2626,154748.99864861637
2627,164734.57803791386
2628,307603.7847170613
2629,364327.174337504
2630,271371.4400100799
2631,328482.51148713665
2632,306103.9725526502
2633,230542.31773366418
2634,280262.01882826735
2635,160027.15535763119
2636,201356.28178467744
2637,163462.2292962108
2638,240457.01384081825
2639,187204.10557789778
2640,153794.94808747843
2641,138482.8697889009
2642,202601.1479086568
2643,124010.35446275488
2644,154221.86618596452
2645,99945.54615216341
2646,93695.88155332806
2647,105719.81667659205
2648,147555.9735745316
2649,146130.674864687
2650,133353.6640802073
2651,166833.2649089072
2652,325544.7633153905
2653,257106.1078055973
2654,269645.23791682086
2655,307474.08392781
2656,251831.81811747974
2657,252216.62568888557
2658,250953.9953091396
2659,263388.64873628167
2660,294442.4126325174
2661,282010.9707153369
2662,269288.25259513035
2663,254703.1762761469
2664,217004.8707989397
2665,266985.96907777473
2666,230989.65926627218
2667,153685.8266231412
2668,161864.86468077818
2669,176082.4068675067
2670,258019.02876879065
2671,161864.86468077818
2672,173805.81125194562
2673,186895.9293090198
2674,188009.91912254615
2675,156042.56128471936
2676,173645.36032832813
2677,199813.51953780447
2678,251752.698943666
2679,255885.72208528285
2680,267079.31100419705
2681,329088.35178971174
2682,305689.1240707893
2683,400904.35355080257
2684,295155.19005695207
2685,304065.4175072228
2686,244786.50162289315
2687,268139.67685341433
2688,205401.381667563
2689,186818.17590483127
2690,338842.62027626537
2691,201283.29925096617
2692,110316.2168193123
2693,203911.09858136214
2694,109037.41593147581
2695,184808.6384702822
2696,171087.72590817473
2697,221179.31173153364
2698,185356.15096461785
2699,196403.94361862255
2700,169334.29269378175
2701,148431.5935904504
2702,157261.27472236025
2703,138628.46350586764
2704,159562.1253742546
2705,124164.27403101558
2706,112332.3684352295
2707,135387.9418530307
2708,128606.6120573965
2709,83577.65280091252
2710,115321.56559902191
2711,297788.0096000024
2712,327991.31736161164
2713,171539.49541288687
2714,141404.06867653088
2715,164848.0689197248
2716,129221.13735787221
2717,165442.0081366101
2718,218453.54729027537
2719,166162.68508513746
2720,182208.619384275
2721,152114.49495304015
2722,198292.04028835945
2723,143395.3979905185
2724,112338.33343164361
2725,127172.85251736359
2726,169228.51595757992
2727,170264.59862997776
2728,169449.07179902637
2729,161548.80820763516
2730,152361.3310955242
2731,97358.85112456135
2732,121539.11193480919
2733,180202.28805755396
2734,181625.70592822155
2735,139424.85698463197
2736,153019.2664014074
2737,111309.40626459604
2738,214286.0577203248
2739,168236.96591623142
2740,139425.20627686082
2741,160588.01801669493
2742,172037.73238748524
2743,151243.3938552914
2744,144908.63263078142
2745,129342.91511446697
2746,123836.67975456294
2747,129238.90630780361
2748,136421.720697722
2749,127540.93277185952
2750,131495.37201354982
2751,108381.8710083739
2752,237187.66699334266
2753,211748.19100946627
2754,373346.07547094004
2755,172244.19819598965
2756,98998.6044588384
2757,129265.00814413285
2758,77777.39796573942
2759,173924.87056456297
2760,218636.80408145385
2761,137951.33820894995
2762,141441.8209437127
2763,202408.6562614071
2764,119925.60024990447
2765,257822.49109448912
2766,188164.91188789165
2767,84174.54642746867
2768,158445.6320524319
2769,141176.22475145984
2770,153911.13143960608
2771,112915.73015484586
2772,96714.4255577785
2773,214344.2349760124
2774,175216.75606949703
2775,163439.30271548807
2776,153135.19189356588
2777,169300.4869784066
2778,91844.06490390135
2779,216293.02102934336
2780,126626.79078256988
2781,98119.81641366845
2782,117402.03108060325
2783,130643.68595655638
2784,149017.8167025502
2785,171691.91196351266
2786,55535.41184052164
2787,134339.41349101037
2788,98932.59118823215
2789,226447.24262207537
2790,93783.91138966424
2791,154006.1451896855
2792,96133.15242694372
2793,168359.7554188528
2794,119384.34679008726
2795,123221.43571526598
2796,94241.14582010177
2797,285100.9441616625
2798,141906.97331497585
2799,127504.39898064255
2800,61541.64714460149
2801,123956.42701071827
2802,142259.95455121764
2803,260738.5124489945
2804,121080.83726928369
2805,69124.85724795457
2806,95815.94155403398
2807,127859.83111036086
2808,156119.96933677822
2809,119872.04604729233
2810,130389.20674996957
2811,185116.7322993711
2812,158178.73469552386
2813,266501.9192932691
2814,265032.8770831558
2815,112390.83802210036
2816,246323.2201311445
2817,153564.07823907977
2818,130075.88540029174
2819,159865.8517361532
2820,166305.6490529105
2821,117358.70462122644
2822,226939.47162331865
2823,406419.31669998646
2824,225382.52368267617
2825,129759.89412994543
2826,130364.54451793298
2827,167634.6926824294
2828,246117.5282324081
2829,235414.05374623064
2830,257508.53105707502
2831,183668.68056027972
2832,243064.56210114085
2833,239682.51786761012
2834,214207.76545057222
2835,225048.34221573916
2836,188940.2797764605
2837,193162.92715397995
2838,153446.1842089776
2839,167668.37727141034
2840,204635.07052241432
2841,192356.9960681871
2842,206980.8327418728
2843,138805.64582512242
2844,181015.15518612575
2845,108862.71325904841
2846,200141.8886901587
2847,194347.91101911335
2848,178330.19425022032
2849,206505.61966943205
2850,250099.23721131787
2851,218788.86014842484
2852,219604.72470255595
2853,223477.2840254624
2854,119785.23098866138
2855,195785.67713973287
2856,198584.6876107194
2857,186041.36886496638
2858,185039.2163903252
2859,163595.5743522829
2860,93269.73878976009
2861,151681.33776250365
2862,199005.66303376076
2863,83810.16205324641
2864,244805.5416861939
2865,128543.15999288482
2866,181550.34486843803
2867,99479.84611663966
2868,164470.57729604805
2869,174876.7180674833
2870,184776.01685483608
2871,115757.87695332369
2872,57895.71575990181
2873,120467.22771290175
2874,160008.46797418196
2875,152896.5509569142
2876,141492.82569043562
2877,140632.33921726194
2878,159849.63978793277
2879,150935.41934829
2880,130774.5326677486
2881,155982.175698002
2882,180365.829964339
2883,187926.81529416583
2884,177428.25998222528
2885,170771.2043189991
2886,228363.7617992158
2887,113361.50355755797
2888,159919.12093772172
2889,42787.36500185659
2890,80339.843870101
2891,176856.4478143639
2892,23152.17949843793
2893,102825.46236304264
2894,50386.71151004803
2895,224686.79078761133
2896,220675.7361063867
2897,226327.14310357568
2898,235018.01393003302
2899,201811.6013244195
2900,168689.34243816667
2901,222239.25685520374
2902,188321.21607951392
2903,267154.3490016661
2904,262105.2705528944
2905,105692.33321733699
2906,213769.4017832589
2907,113348.82531882214
2908,108552.89886608899
2909,266047.0935824091
2910,50793.848221831024
2911,105547.74975064637
2912,156829.56871340348
2913,108977.2255855519
2914,79255.10168303733
2915,79255.10168303733
2916,108977.2255855519
2917,179709.03801062645
2918,87205.53655150752
2919,231185.53659898115
